Timestamp,MMSI,Latitude,Longitude,Speed,Course-sin,Course-cos,Length,Width,Vesseltype,Distance,Timestamp,MMSI,Latitude,Longitude,Speed,Course-sin,Course-cos,Length,Width,Vesseltype,Distance,Timestamp,MMSI,Latitude,Longitude,Speed,Course-sin,Course-cos,Length,Width,Vesseltype,Distance,Timestamp,MMSI,Latitude,Longitude,Speed,Course-sin,Course-cos,Length,Width,Vesseltype,Distance,WindDirection,WindSpeed,Visibility
1633528172.0,338246396.0,37.847788,-122.443086,4.223899,-0.709581,0.704624,36.0,12.0,4.0,1.0,1633528172.0,366985310.0,37.85338,-122.473,10.246069,0.871705,-0.490031,60.0,38.0,10.0,1.0,1633528172.0,368052630.0,37.8198,-122.46858,9.425795,0.978411,0.206667,60.0,42.0,10.0,1.0,1633528172.0,368071540.0,37.823518,-122.478021,4.983697,0.994873,-0.101128,36.0,17.0,8.0,1.0,240.0,7.884444444444444,10.0
1633528173.0,338246396.0,37.847801,-122.443103,4.198733,-0.705371,0.708838,36.0,12.0,4.0,0.998146,1633528173.0,366985310.0,37.853357,-122.472948,10.306924,0.868757,-0.495239,60.0,38.0,10.0,0.99813,1633528173.0,368052630.0,37.819809,-122.468526,9.448334,0.97866,0.205488,60.0,42.0,10.0,0.997588,1633528173.0,368071540.0,37.823516,-122.477992,5.002991,0.993872,-0.110536,36.0,17.0,8.0,0.998412,240.0,7.885,10.0
1633528174.0,338246396.0,37.847815,-122.443121,4.174262,-0.701211,0.712954,36.0,12.0,4.0,0.99631,1633528174.0,366985310.0,37.853333,-122.472895,10.367772,0.86584,-0.500321,60.0,38.0,10.0,0.996249,1633528174.0,368052630.0,37.819818,-122.468472,9.47051,0.978887,0.204401,60.0,42.0,10.0,0.995171,1633528174.0,368071540.0,37.823513,-122.477963,5.02319,0.9928,-0.119783,36.0,17.0,8.0,0.996816,240.0,7.885555555555555,10.0
1633528175.0,338246396.0,37.847829,-122.443138,4.150478,-0.697106,0.716968,36.0,12.0,4.0,0.994491,1633528175.0,366985310.0,37.853309,-122.472843,10.428598,0.862955,-0.505281,60.0,38.0,10.0,0.994357,1633528175.0,368052630.0,37.819827,-122.468418,9.49232,0.979095,0.203403,60.0,42.0,10.0,0.992748,1633528175.0,368071540.0,37.82351,-122.477933,5.044279,0.991662,-0.128866,36.0,17.0,8.0,0.995211,240.0,7.886111111111111,10.0
1633528176.0,338246396.0,37.847843,-122.443155,4.127369,-0.69306,0.72088,36.0,12.0,4.0,0.992689,1633528176.0,366985310.0,37.853285,-122.47279,10.489385,0.860102,-0.510121,60.0,38.0,10.0,0.992454,1633528176.0,368052630.0,37.819836,-122.468363,9.513762,0.979283,0.202495,60.0,42.0,10.0,0.99032,1633528176.0,368071540.0,37.823507,-122.477904,5.06624,0.990462,-0.137784,36.0,17.0,8.0,0.993597,240.0,7.886666666666667,10.0
1633528177.0,338246396.0,37.847856,-122.443172,4.104924,-0.689078,0.724687,36.0,12.0,4.0,0.990903,1633528177.0,366985310.0,37.85326,-122.472737,10.550118,0.857283,-0.514846,60.0,38.0,10.0,0.990539,1633528177.0,368052630.0,37.819845,-122.468309,9.534833,0.979453,0.201675,60.0,42.0,10.0,0.987886,1633528177.0,368071540.0,37.823504,-122.477875,5.089058,0.989206,-0.146534,36.0,17.0,8.0,0.991974,240.0,7.887222222222222,10.0
1633528178.0,338246396.0,37.84787,-122.443188,4.083135,-0.685166,0.728387,36.0,12.0,4.0,0.989133,1633528178.0,366985310.0,37.853235,-122.472684,10.610783,0.854497,-0.519456,60.0,38.0,10.0,0.988614,1633528178.0,368052630.0,37.819854,-122.468254,9.555531,0.979603,0.200943,60.0,42.0,10.0,0.985447,1633528178.0,368071540.0,37.823501,-122.477845,5.112717,0.987897,-0.155114,36.0,17.0,8.0,0.990343,240.0,7.887777777777778,10.0
1633528179.0,338246396.0,37.847884,-122.443205,4.061989,-0.681327,0.731979,36.0,12.0,4.0,0.987379,1633528179.0,366985310.0,37.853209,-122.472631,10.671366,0.851745,-0.523956,60.0,38.0,10.0,0.986677,1633528179.0,368052630.0,37.819863,-122.468199,9.575855,0.979735,0.200298,60.0,42.0,10.0,0.983002,1633528179.0,368071540.0,37.823497,-122.477816,5.137201,0.986539,-0.163524,36.0,17.0,8.0,0.988702,240.0,7.888333333333334,10.0
1633528180.0,338246396.0,37.847898,-122.443221,4.041478,-0.677567,0.735461,36.0,12.0,4.0,0.985639,1633528180.0,366985310.0,37.853184,-122.472578,10.731853,0.849028,-0.528348,60.0,38.0,10.0,0.98473,1633528180.0,368052630.0,37.819871,-122.468144,9.595802,0.979849,0.19974,60.0,42.0,10.0,0.980553,1633528180.0,368071540.0,37.823493,-122.477786,5.162494,0.985139,-0.171762,36.0,17.0,8.0,0.987052,240.0,7.888888888888889,10.0
1633528181.0,338246396.0,37.847911,-122.443237,4.021591,-0.67389,0.738832,36.0,12.0,4.0,0.983915,1633528181.0,366985310.0,37.853157,-122.472524,10.792231,0.846346,-0.532634,60.0,38.0,10.0,0.982772,1633528181.0,368052630.0,37.81988,-122.468089,9.615371,0.979945,0.199268,60.0,42.0,10.0,0.978098,1633528181.0,368071540.0,37.823489,-122.477756,5.18858,0.983698,-0.179827,36.0,17.0,8.0,0.985392,240.0,7.889444444444445,10.0
1633528182.0,338246396.0,37.847925,-122.443253,4.002319,-0.6703,0.74209,36.0,12.0,4.0,0.982204,1633528182.0,366985310.0,37.853131,-122.472471,10.852487,0.843699,-0.536817,60.0,38.0,10.0,0.980803,1633528182.0,368052630.0,37.819889,-122.468034,9.634561,0.980023,0.198882,60.0,42.0,10.0,0.975639,1633528182.0,368071540.0,37.823485,-122.477726,5.215443,0.982223,-0.187719,36.0,17.0,8.0,0.983722,240.0,7.89,10.0
1633528183.0,338246396.0,37.847939,-122.443268,3.983651,-0.666803,0.745234,36.0,12.0,4.0,0.980508,1633528183.0,366985310.0,37.853104,-122.472417,10.912608,0.841088,-0.540899,60.0,38.0,10.0,0.978823,1633528183.0,368052630.0,37.819898,-122.467979,9.653372,0.980084,0.198581,60.0,42.0,10.0,0.973175,1633528183.0,368071540.0,37.82348,-122.477696,5.243069,0.980716,-0.195437,36.0,17.0,8.0,0.982043,240.0,7.890555555555555,10.0
1633528184.0,338246396.0,37.847953,-122.443284,3.965579,-0.663402,0.748263,36.0,12.0,4.0,0.978825,1633528184.0,366985310.0,37.853076,-122.472363,10.972583,0.838512,-0.544883,60.0,38.0,10.0,0.976833,1633528184.0,368052630.0,37.819907,-122.467923,9.671801,0.980128,0.198365,60.0,42.0,10.0,0.970706,1633528184.0,368071540.0,37.823475,-122.477666,5.271442,0.979183,-0.202982,36.0,17.0,8.0,0.980354,240.0,7.891111111111111,10.0
1633528185.0,338246396.0,37.847966,-122.443299,3.948093,-0.660102,0.751176,36.0,12.0,4.0,0.977154,1633528185.0,366985310.0,37.853049,-122.472309,11.032399,0.835973,-0.548771,60.0,38.0,10.0,0.974832,1633528185.0,368052630.0,37.819916,-122.467868,9.689849,0.980155,0.198232,60.0,42.0,10.0,0.968232,1633528185.0,368071540.0,37.82347,-122.477636,5.300546,0.977626,-0.210353,36.0,17.0,8.0,0.978655,240.0,7.891666666666667,10.0
1633528186.0,338246396.0,37.84798,-122.443315,3.931183,-0.656908,0.753971,36.0,12.0,4.0,0.975497,1633528186.0,366985310.0,37.853021,-122.472255,11.092046,0.833469,-0.552566,60.0,38.0,10.0,0.97282,1633528186.0,368052630.0,37.819925,-122.467812,9.707516,0.980165,0.198183,60.0,42.0,10.0,0.965754,1633528186.0,368071540.0,37.823465,-122.477605,5.330368,0.976049,-0.217551,36.0,17.0,8.0,0.976946,240.0,7.892222222222222,10.0
1633528187.0,338246396.0,37.847994,-122.44333,3.914842,-0.653824,0.756647,36.0,12.0,4.0,0.973852,1633528187.0,366985310.0,37.852992,-122.472201,11.151512,0.831002,-0.556269,60.0,38.0,10.0,0.970799,1633528187.0,368052630.0,37.819934,-122.467756,9.724801,0.980158,0.198217,60.0,42.0,10.0,0.963271,1633528187.0,368071540.0,37.82346,-122.477575,5.360893,0.974456,-0.224578,36.0,17.0,8.0,0.975227,240.0,7.892777777777778,10.0
1633528188.0,338246396.0,37.848007,-122.443345,3.899059,-0.650853,0.759204,36.0,12.0,4.0,0.972218,1633528188.0,366985310.0,37.852964,-122.472147,11.210787,0.828572,-0.559883,60.0,38.0,10.0,0.968766,1633528188.0,368052630.0,37.819942,-122.4677,9.741704,0.980135,0.198334,60.0,42.0,10.0,0.960784,1633528188.0,368071540.0,37.823454,-122.477544,5.392106,0.972851,-0.231432,36.0,17.0,8.0,0.973497,240.0,7.893333333333333,10.0
1633528189.0,338246396.0,37.848021,-122.44336,3.883828,-0.648001,0.76164,36.0,12.0,4.0,0.970596,1633528189.0,366985310.0,37.852935,-122.472092,11.26986,0.826178,-0.563409,60.0,38.0,10.0,0.966724,1633528189.0,368052630.0,37.819951,-122.467644,9.758225,0.980094,0.198533,60.0,42.0,10.0,0.958293,1633528189.0,368071540.0,37.823449,-122.477514,5.423993,0.971237,-0.238116,36.0,17.0,8.0,0.971756,240.0,7.893888888888889,10.0
1633528190.0,338246396.0,37.848035,-122.443374,3.869139,-0.64527,0.763955,36.0,12.0,4.0,0.968985,1633528190.0,366985310.0,37.852905,-122.472038,11.328722,0.82382,-0.566851,60.0,38.0,10.0,0.964671,1633528190.0,368052630.0,37.81996,-122.467588,9.774366,0.980037,0.198814,60.0,42.0,10.0,0.955798,1633528190.0,368071540.0,37.823443,-122.477483,5.456542,0.969616,-0.244631,36.0,17.0,8.0,0.970005,240.0,7.894444444444444,10.0
1633528191.0,338246396.0,37.848049,-122.443389,3.854986,-0.642665,0.766147,36.0,12.0,4.0,0.967385,1633528191.0,366985310.0,37.852876,-122.471983,11.387363,0.821499,-0.57021,60.0,38.0,10.0,0.962608,1633528191.0,368052630.0,37.819969,-122.467532,9.790127,0.979964,0.199176,60.0,42.0,10.0,0.953298,1633528191.0,368071540.0,37.823436,-122.477452,5.489737,0.967993,-0.250977,36.0,17.0,8.0,0.968243,240.0,7.895,10.0
1633528192.0,338246396.0,37.848062,-122.443403,3.84136,-0.64019,0.768217,36.0,12.0,4.0,0.965794,1633528192.0,366985310.0,37.852846,-122.471928,11.445773,0.819214,-0.573487,60.0,38.0,10.0,0.960535,1633528192.0,368052630.0,37.819978,-122.467476,9.805508,0.979874,0.199619,60.0,42.0,10.0,0.950795,1633528192.0,368071540.0,37.82343,-122.477421,5.523567,0.96637,-0.257157,36.0,17.0,8.0,0.96647,240.0,7.895555555555555,10.0
1633528193.0,338246396.0,37.848076,-122.443418,3.828255,-0.637847,0.770163,36.0,12.0,4.0,0.964213,1633528193.0,366985310.0,37.852815,-122.471873,11.503944,0.816966,-0.576686,60.0,38.0,10.0,0.958451,1633528193.0,368052630.0,37.819987,-122.46742,9.820511,0.979767,0.200143,60.0,42.0,10.0,0.948288,1633528193.0,368071540.0,37.823424,-122.477389,5.558018,0.964749,-0.263171,36.0,17.0,8.0,0.964686,240.0,7.896111111111111,10.0
1633528194.0,338246396.0,37.84809,-122.443432,3.815664,-0.635642,0.771984,36.0,12.0,4.0,0.962642,1633528194.0,366985310.0,37.852784,-122.471818,11.561867,0.814754,-0.579807,60.0,38.0,10.0,0.956358,1633528194.0,368052630.0,37.819997,-122.467364,9.835137,0.979643,0.200748,60.0,42.0,10.0,0.945777,1633528194.0,368071540.0,37.823417,-122.477358,5.593078,0.963134,-0.269022,36.0,17.0,8.0,0.962891,240.0,7.896666666666666,10.0
1633528195.0,338246396.0,37.848103,-122.443446,3.80358,-0.633576,0.773681,36.0,12.0,4.0,0.961079,1633528195.0,366985310.0,37.852753,-122.471763,11.619533,0.812578,-0.582852,60.0,38.0,10.0,0.954255,1633528195.0,368052630.0,37.820006,-122.467307,9.849388,0.979502,0.201432,60.0,42.0,10.0,0.943262,1633528195.0,368071540.0,37.82341,-122.477326,5.628735,0.961527,-0.274711,36.0,17.0,8.0,0.961084,240.0,7.897222222222222,10.0
1633528196.0,338246396.0,37.848117,-122.443461,3.791997,-0.631653,0.775251,36.0,12.0,4.0,0.959525,1633528196.0,366985310.0,37.852722,-122.471708,11.676934,0.810439,-0.585823,60.0,38.0,10.0,0.952142,1633528196.0,368052630.0,37.820015,-122.467251,9.863265,0.979345,0.202197,60.0,42.0,10.0,0.940744,1633528196.0,368071540.0,37.823403,-122.477295,5.664976,0.95993,-0.28024,36.0,17.0,8.0,0.959266,240.0,7.897777777777778,10.0
1633528197.0,338246396.0,37.84813,-122.443475,3.78091,-0.629876,0.776696,36.0,12.0,4.0,0.957979,1633528197.0,366985310.0,37.85269,-122.471652,11.734062,0.808335,-0.588722,60.0,38.0,10.0,0.950019,1633528197.0,368052630.0,37.820024,-122.467194,9.876771,0.97917,0.203041,60.0,42.0,10.0,0.938222,1633528197.0,368071540.0,37.823395,-122.477263,5.701791,0.958346,-0.285611,36.0,17.0,8.0,0.957436,240.0,7.898333333333333,10.0
1633528198.0,338246396.0,37.848144,-122.443489,3.770313,-0.628248,0.778013,36.0,12.0,4.0,0.956441,1633528198.0,366985310.0,37.852659,-122.471597,11.790909,0.806268,-0.591551,60.0,38.0,10.0,0.947886,1633528198.0,368052630.0,37.820033,-122.467137,9.889906,0.978978,0.203964,60.0,42.0,10.0,0.935697,1633528198.0,368071540.0,37.823388,-122.477231,5.739167,0.956776,-0.290826,36.0,17.0,8.0,0.955594,240.0,7.898888888888889,10.0
1633528199.0,338246396.0,37.848158,-122.443502,3.760202,-0.626772,0.779203,36.0,12.0,4.0,0.95491,1633528199.0,366985310.0,37.852626,-122.471541,11.847469,0.804236,-0.59431,60.0,38.0,10.0,0.945744,1633528199.0,368052630.0,37.820043,-122.467081,9.902675,0.978769,0.204966,60.0,42.0,10.0,0.933168,1633528199.0,368071540.0,37.82338,-122.477199,5.777094,0.955223,-0.295887,36.0,17.0,8.0,0.953741,240.0,7.899444444444445,10.0
1633528200.0,338246396.0,37.848171,-122.443516,3.750573,-0.62545,0.780265,36.0,12.0,4.0,0.953386,1633528200.0,366985310.0,37.852594,-122.471485,11.903732,0.802239,-0.597003,60.0,38.0,10.0,0.943592,1633528200.0,368052630.0,37.820052,-122.467024,9.915078,0.978542,0.206046,60.0,42.0,10.0,0.930637,1633528200.0,368071540.0,37.823372,-122.477166,5.815561,0.953688,-0.300797,36.0,17.0,8.0,0.951876,240.0,7.9,10.0
1633528201.0,338246396.0,37.848185,-122.44353,3.74142,-0.624284,0.781198,36.0,12.0,4.0,0.951868,1633528201.0,366985310.0,37.852561,-122.471429,11.959694,0.800278,-0.599629,60.0,38.0,10.0,0.941431,1633528201.0,368052630.0,37.820062,-122.466967,9.92712,0.978297,0.207205,60.0,42.0,10.0,0.928102,1633528201.0,368071540.0,37.823364,-122.477134,5.854558,0.952174,-0.305556,36.0,17.0,8.0,0.949998,240.0,7.900555555555556,10.0
1633528202.0,338246396.0,37.848198,-122.443544,3.732742,-0.623277,0.782001,36.0,12.0,4.0,0.950356,1633528202.0,366985310.0,37.852528,-122.471373,12.015346,0.798352,-0.602191,60.0,38.0,10.0,0.93926,1633528202.0,368052630.0,37.820071,-122.46691,9.938802,0.978035,0.208443,60.0,42.0,10.0,0.925564,1633528202.0,368071540.0,37.823356,-122.477101,5.894074,0.950682,-0.310168,36.0,17.0,8.0,0.948108,240.0,7.901111111111112,10.0
1633528203.0,338246396.0,37.848212,-122.443557,3.724534,-0.62243,0.782675,36.0,12.0,4.0,0.948849,1633528203.0,366985310.0,37.852494,-122.471317,12.070682,0.796461,-0.604689,60.0,38.0,10.0,0.937079,1633528203.0,368052630.0,37.820081,-122.466853,9.950128,0.977753,0.209758,60.0,42.0,10.0,0.923023,1633528203.0,368071540.0,37.823347,-122.477069,5.934101,0.949213,-0.314635,36.0,17.0,8.0,0.946206,240.0,7.901666666666666,10.0
1633528204.0,338246396.0,37.848225,-122.443571,3.716795,-0.621747,0.783218,36.0,12.0,4.0,0.947348,1633528204.0,366985310.0,37.85246,-122.471261,12.125696,0.794605,-0.607126,60.0,38.0,10.0,0.93489,1633528204.0,368052630.0,37.82009,-122.466796,9.961101,0.977453,0.211152,60.0,42.0,10.0,0.92048,1633528204.0,368071540.0,37.823339,-122.477036,5.974629,0.947768,-0.318959,36.0,17.0,8.0,0.944291,240.0,7.902222222222222,10.0
1633528205.0,338246396.0,37.848239,-122.443584,3.709522,-0.621227,0.783631,36.0,12.0,4.0,0.945851,1633528205.0,366985310.0,37.852426,-122.471204,12.180382,0.792784,-0.609503,60.0,38.0,10.0,0.932691,1633528205.0,368052630.0,37.8201,-122.466739,9.971724,0.977134,0.212622,60.0,42.0,10.0,0.917933,1633528205.0,368071540.0,37.82333,-122.477002,6.015648,0.94635,-0.323142,36.0,17.0,8.0,0.942364,240.0,7.902777777777778,10.0
1633528206.0,338246396.0,37.848252,-122.443598,3.702713,-0.620873,0.783912,36.0,12.0,4.0,0.944358,1633528206.0,366985310.0,37.852392,-122.471148,12.234733,0.790996,-0.611821,60.0,38.0,10.0,0.930483,1633528206.0,368052630.0,37.82011,-122.466682,9.982002,0.976796,0.214171,60.0,42.0,10.0,0.915384,1633528206.0,368071540.0,37.823321,-122.476969,6.05715,0.944959,-0.327187,36.0,17.0,8.0,0.940423,240.0,7.903333333333333,10.0
1633528207.0,338246396.0,37.848265,-122.443611,3.696368,-0.620685,0.78406,36.0,12.0,4.0,0.94287,1633528207.0,366985310.0,37.852357,-122.471091,12.288744,0.789243,-0.614081,60.0,38.0,10.0,0.928265,1633528207.0,368052630.0,37.82012,-122.466625,9.991938,0.976438,0.215797,60.0,42.0,10.0,0.912833,1633528207.0,368071540.0,37.823312,-122.476935,6.099126,0.943597,-0.331096,36.0,17.0,8.0,0.93847,240.0,7.903888888888889,10.0
1633528208.0,338246396.0,37.848279,-122.443625,3.690486,-0.620665,0.784076,36.0,12.0,4.0,0.941385,1633528208.0,366985310.0,37.852322,-122.471034,12.342409,0.787524,-0.616284,60.0,38.0,10.0,0.926039,1633528208.0,368052630.0,37.82013,-122.466568,10.001536,0.97606,0.2175,60.0,42.0,10.0,0.910279,1633528208.0,368071540.0,37.823302,-122.476902,6.141569,0.942264,-0.334872,36.0,17.0,8.0,0.936504,240.0,7.904444444444445,10.0
1633528209.0,338246396.0,37.848292,-122.443638,3.685068,-0.620814,0.783958,36.0,12.0,4.0,0.939902,1633528209.0,366985310.0,37.852287,-122.470977,12.395723,0.785838,-0.618432,60.0,38.0,10.0,0.923804,1633528209.0,368052630.0,37.82014,-122.466511,10.0108,0.975662,0.21928,60.0,42.0,10.0,0.907722,1633528209.0,368071540.0,37.823293,-122.476868,6.18447,0.940961,-0.338516,36.0,17.0,8.0,0.934524,240.0,7.905,10.0
1633528210.0,338246396.0,37.848306,-122.443652,3.680112,-0.621132,0.783706,36.0,12.0,4.0,0.938423,1633528210.0,366985310.0,37.852252,-122.47092,12.448681,0.784186,-0.620526,60.0,38.0,10.0,0.921559,1633528210.0,368052630.0,37.82015,-122.466454,10.019735,0.975243,0.221137,60.0,42.0,10.0,0.905164,1633528210.0,368071540.0,37.823283,-122.476834,6.227821,0.939689,-0.342031,36.0,17.0,8.0,0.932532,240.0,7.905555555555555,10.0
1633528211.0,338246396.0,37.848319,-122.443665,3.675621,-0.62162,0.783319,36.0,12.0,4.0,0.936945,1633528211.0,366985310.0,37.852216,-122.470863,12.501277,0.782567,-0.622567,60.0,38.0,10.0,0.919306,1633528211.0,368052630.0,37.82016,-122.466396,10.028346,0.974802,0.22307,60.0,42.0,10.0,0.902603,1633528211.0,368071540.0,37.823273,-122.4768,6.271617,0.938449,-0.345419,36.0,17.0,8.0,0.930525,240.0,7.906111111111111,10.0
1633528212.0,338246396.0,37.848332,-122.443678,3.671596,-0.622277,0.782797,36.0,12.0,4.0,0.935469,1633528212.0,366985310.0,37.85218,-122.470806,12.553506,0.78098,-0.624556,60.0,38.0,10.0,0.917044,1633528212.0,368052630.0,37.820171,-122.466339,10.036636,0.97434,0.225081,60.0,42.0,10.0,0.90004,1633528212.0,368071540.0,37.823263,-122.476765,6.315848,0.937241,-0.348683,36.0,17.0,8.0,0.928505,240.0,7.906666666666666,10.0
1633528213.0,338246396.0,37.848346,-122.443692,3.668039,-0.623104,0.782139,36.0,12.0,4.0,0.933995,1633528213.0,366985310.0,37.852144,-122.470748,12.605364,0.779427,-0.626493,60.0,38.0,10.0,0.914774,1633528213.0,368052630.0,37.820181,-122.466282,10.044613,0.973856,0.227168,60.0,42.0,10.0,0.897475,1633528213.0,368071540.0,37.823253,-122.47673,6.36051,0.936066,-0.351825,36.0,17.0,8.0,0.926472,240.0,7.907222222222222,10.0
1633528214.0,338246396.0,37.848359,-122.443705,3.664952,-0.624101,0.781344,36.0,12.0,4.0,0.932521,1633528214.0,366985310.0,37.852107,-122.470691,12.656846,0.777905,-0.628381,60.0,38.0,10.0,0.912494,1633528214.0,368052630.0,37.820192,-122.466225,10.05228,0.973349,0.229331,60.0,42.0,10.0,0.894908,1633528214.0,368071540.0,37.823243,-122.476696,6.405594,0.934924,-0.354847,36.0,17.0,8.0,0.924425,240.0,7.907777777777778,10.0
1633528215.0,338246396.0,37.848372,-122.443719,3.662339,-0.625267,0.780411,36.0,12.0,4.0,0.931048,1633528215.0,366985310.0,37.85207,-122.470633,12.707948,0.776416,-0.63022,60.0,38.0,10.0,0.910206,1633528215.0,368052630.0,37.820202,-122.466167,10.059643,0.972818,0.231571,60.0,42.0,10.0,0.892339,1633528215.0,368071540.0,37.823232,-122.47666,6.451096,0.933817,-0.357751,36.0,17.0,8.0,0.922363,240.0,7.908333333333333,10.0
1633528216.0,338246396.0,37.848385,-122.443732,3.660202,-0.626601,0.77934,36.0,12.0,4.0,0.929574,1633528216.0,366985310.0,37.852033,-122.470575,12.758665,0.774959,-0.632011,60.0,38.0,10.0,0.90791,1633528216.0,368052630.0,37.820213,-122.46611,10.066707,0.972264,0.233887,60.0,42.0,10.0,0.889769,1633528216.0,368071540.0,37.823222,-122.476625,6.497009,0.932743,-0.360541,36.0,17.0,8.0,0.920288,240.0,7.908888888888889,10.0
1633528217.0,338246396.0,37.848399,-122.443745,3.658547,-0.628103,0.778131,36.0,12.0,4.0,0.9281,1633528217.0,366985310.0,37.851996,-122.470517,12.808992,0.773533,-0.633755,60.0,38.0,10.0,0.905605,1633528217.0,368052630.0,37.820224,-122.466053,10.07348,0.971685,0.236279,60.0,42.0,10.0,0.887196,1633528217.0,368071540.0,37.823211,-122.47659,6.543327,0.931705,-0.363217,36.0,17.0,8.0,0.918198,240.0,7.9094444444444445,10.0
1633528218.0,338246396.0,37.848412,-122.443759,3.657378,-0.62977,0.776781,36.0,12.0,4.0,0.926626,1633528218.0,366985310.0,37.851958,-122.470459,12.858927,0.772139,-0.635454,60.0,38.0,10.0,0.903292,1633528218.0,368052630.0,37.820235,-122.465995,10.079966,0.971082,0.238747,60.0,42.0,10.0,0.884623,1633528218.0,368071540.0,37.8232,-122.476554,6.590045,0.930701,-0.365782,36.0,17.0,8.0,0.916094,240.0,7.91,10.0
1633528219.0,338246396.0,37.848425,-122.443772,3.656699,-0.631603,0.775292,36.0,12.0,4.0,0.92515,1633528219.0,366985310.0,37.851921,-122.470401,12.908465,0.770776,-0.637106,60.0,38.0,10.0,0.90097,1633528219.0,368052630.0,37.820246,-122.465938,10.086171,0.970453,0.241291,60.0,42.0,10.0,0.882047,1633528219.0,368071540.0,37.823189,-122.476518,6.637159,0.929731,-0.368238,36.0,17.0,8.0,0.913976,240.0,7.910555555555556,10.0
1633528220.0,338246396.0,37.848438,-122.443786,3.656516,-0.633599,0.773662,36.0,12.0,4.0,0.923672,1633528220.0,366985310.0,37.851883,-122.470343,12.957602,0.769444,-0.638715,60.0,38.0,10.0,0.89864,1633528220.0,368052630.0,37.820257,-122.465881,10.092103,0.969798,0.243911,60.0,42.0,10.0,0.879471,1633528220.0,368071540.0,37.823177,-122.476482,6.684662,0.928797,-0.370588,36.0,17.0,8.0,0.911843,240.0,7.911111111111111,10.0
1633528221.0,338246396.0,37.848451,-122.4438,3.656836,-0.635756,0.77189,36.0,12.0,4.0,0.922192,1633528221.0,366985310.0,37.851844,-122.470284,13.006334,0.768142,-0.64028,60.0,38.0,10.0,0.896302,1633528221.0,368052630.0,37.820269,-122.465823,10.097769,0.969116,0.246607,60.0,42.0,10.0,0.876893,1633528221.0,368071540.0,37.823166,-122.476446,6.73255,0.927898,-0.372834,36.0,17.0,8.0,0.909695,240.0,7.911666666666667,10.0
1633528222.0,338246396.0,37.848464,-122.443813,3.657665,-0.638073,0.769976,36.0,12.0,4.0,0.92071,1633528222.0,366985310.0,37.851806,-122.470226,13.054658,0.76687,-0.641802,60.0,38.0,10.0,0.893956,1633528222.0,368052630.0,37.82028,-122.465766,10.103174,0.968406,0.249378,60.0,42.0,10.0,0.874314,1633528222.0,368071540.0,37.823154,-122.476409,6.780819,0.927034,-0.374977,36.0,17.0,8.0,0.907532,240.0,7.912222222222223,10.0
1633528223.0,338246396.0,37.848477,-122.443827,3.65901,-0.640547,0.767919,36.0,12.0,4.0,0.919224,1633528223.0,366985310.0,37.851767,-122.470167,13.102571,0.765629,-0.643282,60.0,38.0,10.0,0.891602,1633528223.0,368052630.0,37.820292,-122.465709,10.108326,0.967668,0.252226,60.0,42.0,10.0,0.871733,1633528223.0,368071540.0,37.823142,-122.476372,6.829465,0.926205,-0.377019,36.0,17.0,8.0,0.905355,240.0,7.9127777777777775,10.0
1633528224.0,338246396.0,37.84849,-122.443841,3.660878,-0.643175,0.765719,36.0,12.0,4.0,0.917735,1633528224.0,366985310.0,37.851728,-122.470108,13.150069,0.764418,-0.644721,60.0,38.0,10.0,0.88924,1633528224.0,368052630.0,37.820304,-122.465651,10.113232,0.966902,0.255148,60.0,42.0,10.0,0.869152,1633528224.0,368071540.0,37.82313,-122.476335,6.878483,0.925412,-0.378963,36.0,17.0,8.0,0.903162,240.0,7.913333333333333,10.0
1633528225.0,338246396.0,37.848503,-122.443854,3.663278,-0.645955,0.763376,36.0,12.0,4.0,0.916242,1633528225.0,366985310.0,37.851689,-122.470049,13.197149,0.763236,-0.64612,60.0,38.0,10.0,0.88687,1633528225.0,368052630.0,37.820316,-122.465594,10.1179,0.966106,0.258147,60.0,42.0,10.0,0.86657,1633528225.0,368071540.0,37.823118,-122.476298,6.92787,0.924653,-0.380811,36.0,17.0,8.0,0.900954,240.0,7.913888888888889,10.0
1633528226.0,338246396.0,37.848516,-122.443868,3.666217,-0.648883,0.760888,36.0,12.0,4.0,0.914745,1633528226.0,366985310.0,37.851649,-122.46999,13.243807,0.762083,-0.647479,60.0,38.0,10.0,0.884492,1633528226.0,368052630.0,37.820328,-122.465537,10.122337,0.965279,0.26122,60.0,42.0,10.0,0.863987,1633528226.0,368071540.0,37.823106,-122.47626,6.977622,0.923929,-0.382565,36.0,17.0,8.0,0.898731,240.0,7.914444444444444,10.0
1633528227.0,338246396.0,37.848529,-122.443882,3.669706,-0.651957,0.758256,36.0,12.0,4.0,0.913243,1633528227.0,366985310.0,37.85161,-122.469931,13.290042,0.76096,-0.648799,60.0,38.0,10.0,0.882106,1633528227.0,368052630.0,37.82034,-122.46548,10.126552,0.964422,0.264369,60.0,42.0,10.0,0.861403,1633528227.0,368071540.0,37.823094,-122.476222,7.027736,0.923239,-0.384226,36.0,17.0,8.0,0.896492,240.0,7.915,10.0
1633528228.0,338246396.0,37.848542,-122.443896,3.673752,-0.655174,0.755478,36.0,12.0,4.0,0.911735,1633528228.0,366985310.0,37.85157,-122.469872,13.335849,0.759865,-0.650081,60.0,38.0,10.0,0.879713,1633528228.0,368052630.0,37.820352,-122.465422,10.130553,0.963532,0.267593,60.0,42.0,10.0,0.858819,1633528228.0,368071540.0,37.823081,-122.476184,7.078208,0.922584,-0.385796,36.0,17.0,8.0,0.894237,240.0,7.915555555555556,10.0
1633528229.0,338246396.0,37.848555,-122.44391,3.678365,-0.658528,0.752556,36.0,12.0,4.0,0.910222,1633528229.0,366985310.0,37.85153,-122.469813,13.381226,0.758799,-0.651325,60.0,38.0,10.0,0.877312,1633528229.0,368052630.0,37.820365,-122.465365,10.134348,0.96261,0.270892,60.0,42.0,10.0,0.856234,1633528229.0,368071540.0,37.823069,-122.476146,7.129036,0.921963,-0.387278,36.0,17.0,8.0,0.891967,240.0,7.916111111111111,10.0
1633528230.0,338246396.0,37.848567,-122.443924,3.683556,-0.662018,0.749488,36.0,12.0,4.0,0.908703,1633528230.0,366985310.0,37.851489,-122.469753,13.426171,0.757761,-0.652532,60.0,38.0,10.0,0.874903,1633528230.0,368052630.0,37.820378,-122.465308,10.137945,0.961654,0.274266,60.0,42.0,10.0,0.853648,1633528230.0,368071540.0,37.823056,-122.476108,7.180216,0.921376,-0.388672,36.0,17.0,8.0,0.889681,240.0,7.916666666666667,10.0
1633528231.0,338246396.0,37.84858,-122.443939,3.689335,-0.665637,0.746275,36.0,12.0,4.0,0.907177,1633528231.0,366985310.0,37.851449,-122.469693,13.47068,0.756752,-0.653702,60.0,38.0,10.0,0.872487,1633528231.0,368052630.0,37.82039,-122.465251,10.141353,0.960663,0.277715,60.0,42.0,10.0,0.851062,1633528231.0,368071540.0,37.823043,-122.476069,7.231746,0.920823,-0.389982,36.0,17.0,8.0,0.887379,240.0,7.917222222222222,10.0
1633528232.0,338246396.0,37.848593,-122.443953,3.695713,-0.669383,0.742917,36.0,12.0,4.0,0.905645,1633528232.0,366985310.0,37.851408,-122.469634,13.514752,0.75577,-0.654837,60.0,38.0,10.0,0.870064,1633528232.0,368052630.0,37.820403,-122.465194,10.144582,0.959638,0.281239,60.0,42.0,10.0,0.848476,1633528232.0,368071540.0,37.82303,-122.47603,7.283465,0.920298,-0.391219,36.0,17.0,8.0,0.885061,240.0,7.917777777777777,10.0
1633528233.0,338246396.0,37.848606,-122.443968,3.7027,-0.673251,0.739414,36.0,12.0,4.0,0.904105,1633528233.0,366985310.0,37.851367,-122.469574,13.558383,0.754816,-0.655936,60.0,38.0,10.0,0.867633,1633528233.0,368052630.0,37.820417,-122.465137,10.14764,0.958576,0.284837,60.0,42.0,10.0,0.845889,1633528233.0,368071540.0,37.823017,-122.475991,7.334736,0.919783,-0.392426,36.0,17.0,8.0,0.882727,240.0,7.918333333333333,10.0
1633528234.0,338246396.0,37.848618,-122.443982,3.710308,-0.677236,0.735766,36.0,12.0,4.0,0.902557,1633528234.0,366985310.0,37.851326,-122.469514,13.601572,0.75389,-0.657001,60.0,38.0,10.0,0.865195,1633528234.0,368052630.0,37.82043,-122.46508,10.150587,0.957485,0.288484,60.0,42.0,10.0,0.843303,1633528234.0,368071540.0,37.823004,-122.475951,7.385401,0.919275,-0.393617,36.0,17.0,8.0,0.880376,240.0,7.918888888888889,10.0
1633528235.0,338246396.0,37.848631,-122.443997,3.718549,-0.681333,0.731974,36.0,12.0,4.0,0.901001,1633528235.0,366985310.0,37.851285,-122.469454,13.644316,0.75299,-0.658032,60.0,38.0,10.0,0.862749,1633528235.0,368052630.0,37.820444,-122.465023,10.153623,0.956394,0.292078,60.0,42.0,10.0,0.840716,1633528235.0,368071540.0,37.82299,-122.475911,7.435459,0.918771,-0.394791,36.0,17.0,8.0,0.87801,240.0,7.919444444444444,10.0
1633528236.0,338246396.0,37.848644,-122.444012,3.727434,-0.685537,0.728038,36.0,12.0,4.0,0.899436,1633528236.0,366985310.0,37.851243,-122.469394,13.686613,0.752118,-0.659029,60.0,38.0,10.0,0.860297,1633528236.0,368052630.0,37.820457,-122.464966,10.156788,0.955314,0.295593,60.0,42.0,10.0,0.838129,1633528236.0,368071540.0,37.822976,-122.475871,7.48491,0.918273,-0.395949,36.0,17.0,8.0,0.875628,240.0,7.92,10.0
1633528237.0,338246396.0,37.848656,-122.444027,3.736975,-0.689843,0.723959,36.0,12.0,4.0,0.897861,1633528237.0,366985310.0,37.851201,-122.469333,13.72846,0.751272,-0.659992,60.0,38.0,10.0,0.857838,1633528237.0,368052630.0,37.820471,-122.464909,10.160074,0.954244,0.29903,60.0,42.0,10.0,0.835542,1633528237.0,368071540.0,37.822963,-122.475831,7.533754,0.917779,-0.397091,36.0,17.0,8.0,0.87323,240.0,7.920555555555556,10.0
1633528238.0,338246396.0,37.848669,-122.444042,3.747186,-0.694246,0.719738,36.0,12.0,4.0,0.896278,1633528238.0,366985310.0,37.85116,-122.469273,13.769857,0.750453,-0.660923,60.0,38.0,10.0,0.855371,1633528238.0,368052630.0,37.820485,-122.464853,10.163474,0.953185,0.302389,60.0,42.0,10.0,0.832955,1633528238.0,368071540.0,37.822949,-122.475791,7.581991,0.917291,-0.398218,36.0,17.0,8.0,0.870818,240.0,7.921111111111111,10.0
1633528239.0,338246396.0,37.848681,-122.444057,3.758077,-0.69874,0.715375,36.0,12.0,4.0,0.894684,1633528239.0,366985310.0,37.851117,-122.469212,13.8108,0.749661,-0.661822,60.0,38.0,10.0,0.852898,1633528239.0,368052630.0,37.820499,-122.464796,10.166978,0.952137,0.30567,60.0,42.0,10.0,0.830368,1633528239.0,368071540.0,37.822935,-122.47575,7.629619,0.916807,-0.399331,36.0,17.0,8.0,0.86839,240.0,7.921666666666667,10.0
1633528240.0,338246396.0,37.848694,-122.444072,3.769663,-0.70332,0.710873,36.0,12.0,4.0,0.893079,1633528240.0,366985310.0,37.851075,-122.469152,13.851289,0.748894,-0.66269,60.0,38.0,10.0,0.850417,1633528240.0,368052630.0,37.820514,-122.464739,10.170579,0.951103,0.308874,60.0,42.0,10.0,0.827781,1633528240.0,368071540.0,37.822921,-122.475709,7.67664,0.916327,-0.40043,36.0,17.0,8.0,0.865947,240.0,7.9222222222222225,10.0
1633528241.0,338246396.0,37.848706,-122.444088,3.781955,-0.70798,0.706232,36.0,12.0,4.0,0.891464,1633528241.0,366985310.0,37.851033,-122.469091,13.89132,0.748153,-0.663526,60.0,38.0,10.0,0.84793,1633528241.0,368052630.0,37.820528,-122.464683,10.174269,0.950082,0.311999,60.0,42.0,10.0,0.825194,1633528241.0,368071540.0,37.822907,-122.475668,7.723053,0.915852,-0.401516,36.0,17.0,8.0,0.86349,240.0,7.922777777777778,10.0
1633528242.0,338246396.0,37.848718,-122.444104,3.794967,-0.712714,0.701455,36.0,12.0,4.0,0.889837,1633528242.0,366985310.0,37.85099,-122.46903,13.930894,0.747438,-0.664331,60.0,38.0,10.0,0.845437,1633528242.0,368052630.0,37.820543,-122.464626,10.178039,0.949076,0.315048,60.0,42.0,10.0,0.822606,1633528242.0,368071540.0,37.822892,-122.475626,7.768857,0.915381,-0.402589,36.0,17.0,8.0,0.861018,240.0,7.923333333333334,10.0
1633528243.0,338246396.0,37.848731,-122.44412,3.808712,-0.717516,0.696542,36.0,12.0,4.0,0.888199,1633528243.0,366985310.0,37.850947,-122.468969,13.970007,0.746749,-0.665106,60.0,38.0,10.0,0.842936,1633528243.0,368052630.0,37.820558,-122.464569,10.181883,0.948084,0.31802,60.0,42.0,10.0,0.820019,1633528243.0,368071540.0,37.822878,-122.475585,7.814053,0.914914,-0.40365,36.0,17.0,8.0,0.858532,240.0,7.923888888888889,10.0
1633528244.0,338246396.0,37.848743,-122.444136,3.823202,-0.722381,0.691495,36.0,12.0,4.0,0.886548,1633528244.0,366985310.0,37.850904,-122.468908,14.008658,0.746085,-0.665851,60.0,38.0,10.0,0.840429,1633528244.0,368052630.0,37.820573,-122.464513,10.185794,0.947108,0.320914,60.0,42.0,10.0,0.817431,1633528244.0,368071540.0,37.822863,-122.475543,7.85864,0.91445,-0.404699,36.0,17.0,8.0,0.856032,240.0,7.924444444444444,10.0
1633528245.0,338246396.0,37.848755,-122.444152,3.838452,-0.727302,0.686318,36.0,12.0,4.0,0.884884,1633528245.0,366985310.0,37.850861,-122.468847,14.046846,0.745446,-0.666566,60.0,38.0,10.0,0.837916,1633528245.0,368052630.0,37.820588,-122.464456,10.189764,0.946149,0.323733,60.0,42.0,10.0,0.814843,1633528245.0,368071540.0,37.822849,-122.475501,7.902619,0.91399,-0.405736,36.0,17.0,8.0,0.853518,240.0,7.925,10.0
1633528246.0,338246396.0,37.848767,-122.444168,3.854473,-0.732273,0.681011,36.0,12.0,4.0,0.883208,1633528246.0,366985310.0,37.850818,-122.468785,14.084569,0.744832,-0.667252,60.0,38.0,10.0,0.835396,1633528246.0,368052630.0,37.820603,-122.4644,10.193785,0.945206,0.326475,60.0,42.0,10.0,0.812255,1633528246.0,368071540.0,37.822834,-122.475458,7.945989,0.913534,-0.406763,36.0,17.0,8.0,0.85099,240.0,7.9255555555555555,10.0
1633528247.0,338246396.0,37.848779,-122.444185,3.871279,-0.737288,0.675579,36.0,12.0,4.0,0.881517,1633528247.0,366985310.0,37.850774,-122.468724,14.121826,0.744243,-0.667909,60.0,38.0,10.0,0.83287,1633528247.0,368052630.0,37.820619,-122.464343,10.197853,0.944281,0.329141,60.0,42.0,10.0,0.809666,1633528247.0,368071540.0,37.822819,-122.475416,7.98875,0.913081,-0.407779,36.0,17.0,8.0,0.848449,240.0,7.926111111111111,10.0
1633528248.0,338246396.0,37.848792,-122.444201,3.888882,-0.742341,0.670022,36.0,12.0,4.0,0.879813,1633528248.0,366985310.0,37.850731,-122.468662,14.158615,0.743678,-0.668538,60.0,38.0,10.0,0.830337,1633528248.0,368052630.0,37.820634,-122.464287,10.201958,0.943374,0.331732,60.0,42.0,10.0,0.807078,1633528248.0,368071540.0,37.822804,-122.475373,8.030901,0.912631,-0.408785,36.0,17.0,8.0,0.845895,240.0,7.926666666666667,10.0
1633528249.0,338246396.0,37.848804,-122.444218,3.907297,-0.747426,0.664345,36.0,12.0,4.0,0.878094,1633528249.0,366985310.0,37.850687,-122.468601,14.194936,0.743138,-0.669139,60.0,38.0,10.0,0.827799,1633528249.0,368052630.0,37.82065,-122.464231,10.206097,0.942485,0.334247,60.0,42.0,10.0,0.804489,1633528249.0,368071540.0,37.822788,-122.47533,8.072444,0.912184,-0.409781,36.0,17.0,8.0,0.843327,240.0,7.927222222222222,10.0
1633528250.0,338246396.0,37.848816,-122.444235,3.926536,-0.752538,0.658549,36.0,12.0,4.0,0.87636,1633528250.0,366985310.0,37.850643,-122.468539,14.230787,0.742621,-0.669711,60.0,38.0,10.0,0.825254,1633528250.0,368052630.0,37.820666,-122.464174,10.210261,0.941616,0.336687,60.0,42.0,10.0,0.8019,1633528250.0,368071540.0,37.822773,-122.475287,8.113377,0.91174,-0.410768,36.0,17.0,8.0,0.840747,240.0,7.927777777777778,10.0
1633528251.0,338246396.0,37.848828,-122.444253,3.946611,-0.757669,0.652639,36.0,12.0,4.0,0.87461,1633528251.0,366985310.0,37.850599,-122.468477,14.266167,0.742129,-0.670257,60.0,38.0,10.0,0.822703,1633528251.0,368052630.0,37.820682,-122.464118,10.214446,0.940767,0.339053,60.0,42.0,10.0,0.799311,1633528251.0,368071540.0,37.822758,-122.475244,8.1537,0.911299,-0.411746,36.0,17.0,8.0,0.838154,240.0,7.928333333333333,10.0
1633528252.0,338246396.0,37.84884,-122.44427,3.967535,-0.762814,0.646619,36.0,12.0,4.0,0.872845,1633528252.0,366985310.0,37.850555,-122.468415,14.301075,0.741661,-0.670775,60.0,38.0,10.0,0.820146,1633528252.0,368052630.0,37.820698,-122.464062,10.218645,0.939939,0.341343,60.0,42.0,10.0,0.796721,1633528252.0,368071540.0,37.822742,-122.4752,8.193414,0.91086,-0.412715,36.0,17.0,8.0,0.835548,240.0,7.928888888888888,10.0
1633528253.0,338246396.0,37.848851,-122.444288,3.98932,-0.767966,0.64049,36.0,12.0,4.0,0.871063,1633528253.0,366985310.0,37.85051,-122.468353,14.33551,0.741216,-0.671266,60.0,38.0,10.0,0.817583,1633528253.0,368052630.0,37.820714,-122.464005,10.222852,0.939131,0.34356,60.0,42.0,10.0,0.794131,1633528253.0,368071540.0,37.822727,-122.475157,8.232518,0.910424,-0.413676,36.0,17.0,8.0,0.83293,240.0,7.929444444444444,10.0
1633528254.0,338246396.0,37.848863,-122.444306,4.01198,-0.773122,0.634258,36.0,12.0,4.0,0.869265,1633528254.0,366985310.0,37.850466,-122.46829,14.36947,0.740795,-0.671731,60.0,38.0,10.0,0.815014,1633528254.0,368052630.0,37.82073,-122.463949,10.227063,0.938344,0.345702,60.0,42.0,10.0,0.791541,1633528254.0,368071540.0,37.822711,-122.475113,8.271013,0.90999,-0.414629,36.0,17.0,8.0,0.8303,240.0,7.93,10.0
1633528255.0,338246396.0,37.848875,-122.444324,4.035525,-0.778273,0.627926,36.0,12.0,4.0,0.867449,1633528255.0,366985310.0,37.850421,-122.468228,14.402956,0.740398,-0.672169,60.0,38.0,10.0,0.81244,1633528255.0,368052630.0,37.820746,-122.463893,10.231271,0.93758,0.347771,60.0,42.0,10.0,0.78895,1633528255.0,368071540.0,37.822695,-122.475069,8.308898,0.909559,-0.415575,36.0,17.0,8.0,0.827658,240.0,7.930555555555555,10.0
1633528256.0,338246396.0,37.848887,-122.444342,4.059967,-0.783416,0.621498,36.0,12.0,4.0,0.865616,1633528256.0,366985310.0,37.850376,-122.468166,14.435965,0.740023,-0.672581,60.0,38.0,10.0,0.80986,1633528256.0,368052630.0,37.820763,-122.463837,10.235472,0.936837,0.349766,60.0,42.0,10.0,0.786359,1633528256.0,368071540.0,37.822679,-122.475024,8.346172,0.90913,-0.416513,36.0,17.0,8.0,0.825005,240.0,7.931111111111111,10.0
1633528257.0,338246396.0,37.848898,-122.444361,4.085319,-0.788544,0.614979,36.0,12.0,4.0,0.863765,1633528257.0,366985310.0,37.850331,-122.468103,14.468498,0.739672,-0.672968,60.0,38.0,10.0,0.807274,1633528257.0,368052630.0,37.820779,-122.463781,10.239661,0.936117,0.351688,60.0,42.0,10.0,0.783768,1633528257.0,368071540.0,37.822663,-122.47498,8.382837,0.908703,-0.417444,36.0,17.0,8.0,0.82234,240.0,7.931666666666667,10.0
1633528258.0,338246396.0,37.84891,-122.44438,4.111384,-0.79362,0.608414,36.0,12.0,4.0,0.861895,1633528258.0,366985310.0,37.850286,-122.46804,14.500554,0.739343,-0.673329,60.0,38.0,10.0,0.804683,1633528258.0,368052630.0,37.820796,-122.463725,10.243832,0.935421,0.353537,60.0,42.0,10.0,0.781177,1633528258.0,368071540.0,37.822647,-122.474935,8.418892,0.908278,-0.418368,36.0,17.0,8.0,0.819663,240.0,7.932222222222222,10.0
1633528259.0,338246396.0,37.848922,-122.444399,4.137334,-0.798515,0.601976,36.0,12.0,4.0,0.860006,1633528259.0,366985310.0,37.850241,-122.467977,14.532131,0.739038,-0.673664,60.0,38.0,10.0,0.802086,1633528259.0,368052630.0,37.820813,-122.463668,10.247982,0.934747,0.355313,60.0,42.0,10.0,0.778585,1633528259.0,368071540.0,37.82263,-122.474891,8.454337,0.907854,-0.419286,36.0,17.0,8.0,0.816976,240.0,7.932777777777778,10.0
1633528260.0,338246396.0,37.848933,-122.444418,4.162942,-0.803205,0.595703,36.0,12.0,4.0,0.858099,1633528260.0,366985310.0,37.850196,-122.467914,14.563229,0.738755,-0.673975,60.0,38.0,10.0,0.799483,1633528260.0,368052630.0,37.82083,-122.463612,10.252106,0.934098,0.357017,60.0,42.0,10.0,0.775993,1633528260.0,368071540.0,37.822614,-122.474846,8.489171,0.907432,-0.420198,36.0,17.0,8.0,0.814277,240.0,7.933333333333334,10.0
1633528261.0,338246396.0,37.848945,-122.444438,4.188189,-0.807698,0.589596,36.0,12.0,4.0,0.856173,1633528261.0,366985310.0,37.85015,-122.467851,14.593848,0.738494,-0.67426,60.0,38.0,10.0,0.796876,1633528261.0,368052630.0,37.820846,-122.463556,10.2562,0.933473,0.358648,60.0,42.0,10.0,0.7734,1633528261.0,368071540.0,37.822597,-122.4748,8.523395,0.907012,-0.421104,36.0,17.0,8.0,0.811568,240.0,7.933888888888889,10.0
1633528262.0,338246396.0,37.848956,-122.444458,4.213055,-0.812004,0.583651,36.0,12.0,4.0,0.85423,1633528262.0,366985310.0,37.850105,-122.467788,14.623987,0.738256,-0.674521,60.0,38.0,10.0,0.794263,1633528262.0,368052630.0,37.820864,-122.4635,10.260259,0.932872,0.360208,60.0,42.0,10.0,0.770807,1633528262.0,368071540.0,37.822581,-122.474755,8.557009,0.906594,-0.422004,36.0,17.0,8.0,0.808849,240.0,7.934444444444445,10.0
1633528263.0,338246396.0,37.848967,-122.444478,4.237524,-0.816131,0.577867,36.0,12.0,4.0,0.852269,1633528263.0,366985310.0,37.850059,-122.467725,14.653646,0.738039,-0.674758,60.0,38.0,10.0,0.791645,1633528263.0,368052630.0,37.820881,-122.463444,10.26428,0.932296,0.361696,60.0,42.0,10.0,0.768214,1633528263.0,368071540.0,37.822564,-122.47471,8.590013,0.906177,-0.4229,36.0,17.0,8.0,0.806119,240.0,7.935,10.0
1633528264.0,338246396.0,37.848979,-122.444498,4.261576,-0.820085,0.572242,36.0,12.0,4.0,0.850291,1633528264.0,366985310.0,37.850013,-122.467662,14.682824,0.737845,-0.67497,60.0,38.0,10.0,0.789021,1633528264.0,368052630.0,37.820898,-122.463388,10.268259,0.931745,0.363112,60.0,42.0,10.0,0.76562,1633528264.0,368071540.0,37.822547,-122.474664,8.622406,0.905761,-0.423789,36.0,17.0,8.0,0.803379,240.0,7.935555555555555,10.0
1633528265.0,338246396.0,37.84899,-122.444519,4.285197,-0.823873,0.566774,36.0,12.0,4.0,0.848297,1633528265.0,366985310.0,37.849968,-122.467598,14.71152,0.737673,-0.675158,60.0,38.0,10.0,0.786393,1633528265.0,368052630.0,37.820915,-122.463332,10.272193,0.93122,0.364457,60.0,42.0,10.0,0.763026,1633528265.0,368071540.0,37.82253,-122.474618,8.654189,0.905346,-0.424675,36.0,17.0,8.0,0.800629,240.0,7.936111111111111,10.0
1633528266.0,338246396.0,37.849001,-122.444539,4.30837,-0.827504,0.56146,36.0,12.0,4.0,0.846286,1633528266.0,366985310.0,37.849922,-122.467535,14.739734,0.737523,-0.675322,60.0,38.0,10.0,0.78376,1633528266.0,368052630.0,37.820932,-122.463276,10.276078,0.93072,0.365732,60.0,42.0,10.0,0.760431,1633528266.0,368071540.0,37.822513,-122.474572,8.685361,0.904932,-0.425555,36.0,17.0,8.0,0.797869,240.0,7.936666666666666,10.0
1633528267.0,338246396.0,37.849012,-122.44456,4.331081,-0.830983,0.556298,36.0,12.0,4.0,0.84426,1633528267.0,366985310.0,37.849876,-122.467471,14.767467,0.737394,-0.675463,60.0,38.0,10.0,0.781121,1633528267.0,368052630.0,37.82095,-122.46322,10.279911,0.930247,0.366935,60.0,42.0,10.0,0.757836,1633528267.0,368071540.0,37.822496,-122.474526,8.715923,0.90452,-0.426431,36.0,17.0,8.0,0.7951,240.0,7.937222222222222,10.0
1633528268.0,338246396.0,37.849024,-122.444581,4.353315,-0.834316,0.551286,36.0,12.0,4.0,0.842218,1633528268.0,366985310.0,37.849829,-122.467407,14.794717,0.737287,-0.67558,60.0,38.0,10.0,0.778478,1633528268.0,368052630.0,37.820967,-122.463164,10.28369,0.929799,0.368067,60.0,42.0,10.0,0.75524,1633528268.0,368071540.0,37.822479,-122.47448,8.745875,0.904108,-0.427303,36.0,17.0,8.0,0.792321,240.0,7.937777777777778,10.0
1633528269.0,338246396.0,37.849035,-122.444603,4.375059,-0.83751,0.546422,36.0,12.0,4.0,0.840161,1633528269.0,366985310.0,37.849783,-122.467343,14.821485,0.737201,-0.675673,60.0,38.0,10.0,0.77583,1633528269.0,368052630.0,37.820985,-122.463108,10.28741,0.929378,0.36913,60.0,42.0,10.0,0.752644,1633528269.0,368071540.0,37.822462,-122.474434,8.775216,0.903697,-0.428172,36.0,17.0,8.0,0.789534,240.0,7.938333333333333,10.0
1633528270.0,338246396.0,37.849046,-122.444624,4.3963,-0.84057,0.541703,36.0,12.0,4.0,0.838089,1633528270.0,366985310.0,37.849737,-122.467279,14.84777,0.737137,-0.675743,60.0,38.0,10.0,0.773178,1633528270.0,368052630.0,37.821002,-122.463052,10.29107,0.928983,0.370122,60.0,42.0,10.0,0.750048,1633528270.0,368071540.0,37.822444,-122.474388,8.803946,0.903287,-0.429036,36.0,17.0,8.0,0.786737,240.0,7.938888888888889,10.0
1633528271.0,338246396.0,37.849057,-122.444646,4.417025,-0.843501,0.537128,36.0,12.0,4.0,0.836004,1633528271.0,366985310.0,37.84969,-122.467215,14.873573,0.737094,-0.67579,60.0,38.0,10.0,0.77052,1633528271.0,368052630.0,37.82102,-122.462996,10.294668,0.928616,0.371043,60.0,42.0,10.0,0.747451,1633528271.0,368071540.0,37.822427,-122.474341,8.832066,0.902878,-0.429897,36.0,17.0,8.0,0.783932,240.0,7.939444444444445,10.0
1633528272.0,338246396.0,37.849068,-122.444668,4.437224,-0.846308,0.532693,36.0,12.0,4.0,0.833904,1633528272.0,366985310.0,37.849644,-122.467151,14.898892,0.737072,-0.675814,60.0,38.0,10.0,0.767859,1633528272.0,368052630.0,37.821038,-122.46294,10.2982,0.928275,0.371895,60.0,42.0,10.0,0.744853,1633528272.0,368071540.0,37.822409,-122.474294,8.859576,0.902469,-0.430755,36.0,17.0,8.0,0.781118,240.0,7.939999999999999,10.0
1633528273.0,338246396.0,37.849079,-122.44469,4.456885,-0.848997,0.528398,36.0,12.0,4.0,0.831791,1633528273.0,366985310.0,37.849597,-122.467086,14.923729,0.737071,-0.675816,60.0,38.0,10.0,0.765192,1633528273.0,368052630.0,37.821055,-122.462884,10.301665,0.927961,0.372678,60.0,42.0,10.0,0.742255,1633528273.0,368071540.0,37.822392,-122.474247,8.886475,0.902061,-0.43161,36.0,17.0,8.0,0.778296,240.0,7.940555555555555,10.0
1633528274.0,338246396.0,37.84909,-122.444712,4.475997,-0.851571,0.524239,36.0,12.0,4.0,0.829665,1633528274.0,366985310.0,37.849551,-122.467022,14.948082,0.737091,-0.675794,60.0,38.0,10.0,0.762522,1633528274.0,368052630.0,37.821073,-122.462828,10.305061,0.927674,0.37339,60.0,42.0,10.0,0.739657,1633528274.0,368071540.0,37.822374,-122.4742,8.912763,0.901652,-0.432461,36.0,17.0,8.0,0.775466,240.0,7.941111111111111,10.0
1633528275.0,338246396.0,37.8491,-122.444734,4.49455,-0.854035,0.520215,36.0,12.0,4.0,0.827527,1633528275.0,366985310.0,37.849504,-122.466957,14.971953,0.737131,-0.67575,60.0,38.0,10.0,0.759847,1633528275.0,368052630.0,37.821091,-122.462772,10.308386,0.927415,0.374034,60.0,42.0,10.0,0.737058,1633528275.0,368071540.0,37.822356,-122.474153,8.938441,0.901245,-0.433311,36.0,17.0,8.0,0.772628,240.0,7.941666666666666,10.0
1633528276.0,338246396.0,37.849111,-122.444757,4.512536,-0.856394,0.516324,36.0,12.0,4.0,0.825376,1633528276.0,366985310.0,37.849457,-122.466893,14.99534,0.737192,-0.675683,60.0,38.0,10.0,0.757167,1633528276.0,368052630.0,37.821109,-122.462716,10.311639,0.927183,0.374608,60.0,42.0,10.0,0.734458,1633528276.0,368071540.0,37.822338,-122.474106,8.963509,0.900837,-0.434157,36.0,17.0,8.0,0.769782,240.0,7.942222222222222,10.0
1633528277.0,338246396.0,37.849122,-122.444779,4.529944,-0.85865,0.512563,36.0,12.0,4.0,0.823214,1633528277.0,366985310.0,37.84941,-122.466828,15.018246,0.737274,-0.675593,60.0,38.0,10.0,0.754484,1633528277.0,368052630.0,37.821127,-122.46266,10.314818,0.926979,0.375112,60.0,42.0,10.0,0.731858,1633528277.0,368071540.0,37.82232,-122.474059,8.987966,0.900429,-0.435002,36.0,17.0,8.0,0.766928,240.0,7.942777777777778,10.0
1633528278.0,338246396.0,37.849133,-122.444802,4.546766,-0.860808,0.50893,36.0,12.0,4.0,0.82104,1633528278.0,366985310.0,37.849363,-122.466763,15.040668,0.737377,-0.675482,60.0,38.0,10.0,0.751796,1633528278.0,368052630.0,37.821144,-122.462604,10.317921,0.926803,0.375548,60.0,42.0,10.0,0.729257,1633528278.0,368071540.0,37.822302,-122.474012,9.011812,0.900022,-0.435844,36.0,17.0,8.0,0.764067,240.0,7.943333333333333,10.0
1633528279.0,338246396.0,37.849143,-122.444825,4.562994,-0.862871,0.505425,36.0,12.0,4.0,0.818855,1633528279.0,366985310.0,37.849316,-122.466698,15.062608,0.7375,-0.675348,60.0,38.0,10.0,0.749105,1633528279.0,368052630.0,37.821162,-122.462548,10.320948,0.926654,0.375915,60.0,42.0,10.0,0.726656,1633528279.0,368071540.0,37.822284,-122.473964,9.035048,0.899614,-0.436685,36.0,17.0,8.0,0.761199,240.0,7.943888888888889,10.0
1633528280.0,338246396.0,37.849154,-122.444848,4.57862,-0.864842,0.502044,36.0,12.0,4.0,0.81666,1633528280.0,366985310.0,37.849269,-122.466633,15.084067,0.737643,-0.675191,60.0,38.0,10.0,0.746409,1633528280.0,368052630.0,37.82118,-122.462492,10.323898,0.926533,0.376213,60.0,42.0,10.0,0.724054,1633528280.0,368071540.0,37.822266,-122.473916,9.057674,0.899207,-0.437524,36.0,17.0,8.0,0.758325,240.0,7.944444444444445,10.0
1633528281.0,338246396.0,37.849165,-122.444871,4.593636,-0.866725,0.498787,36.0,12.0,4.0,0.814454,1633528281.0,366985310.0,37.849222,-122.466568,15.105043,0.737806,-0.675013,60.0,38.0,10.0,0.74371,1633528281.0,368052630.0,37.821198,-122.462436,10.326771,0.92644,0.376442,60.0,42.0,10.0,0.721452,1633528281.0,368071540.0,37.822247,-122.473869,9.079689,0.898799,-0.438361,36.0,17.0,8.0,0.755443,240.0,7.945,10.0
1633528282.0,338246396.0,37.849175,-122.444895,4.608036,-0.868522,0.49565,36.0,12.0,4.0,0.812239,1633528282.0,366985310.0,37.849175,-122.466503,15.125538,0.73799,-0.674812,60.0,38.0,10.0,0.741006,1633528282.0,368052630.0,37.821216,-122.46238,10.329564,0.926375,0.376603,60.0,42.0,10.0,0.718849,1633528282.0,368071540.0,37.822229,-122.473821,9.101093,0.898391,-0.439197,36.0,17.0,8.0,0.752555,240.0,7.945555555555556,10.0
1633528283.0,338246396.0,37.849186,-122.444918,4.621813,-0.870237,0.492634,36.0,12.0,4.0,0.810015,1633528283.0,366985310.0,37.849128,-122.466437,15.145552,0.738193,-0.674589,60.0,38.0,10.0,0.738299,1633528283.0,368052630.0,37.821234,-122.462324,10.332279,0.926337,0.376695,60.0,42.0,10.0,0.716245,1633528283.0,368071540.0,37.822211,-122.473773,9.121888,0.897982,-0.440032,36.0,17.0,8.0,0.74966,240.0,7.946111111111112,10.0
1633528284.0,338246396.0,37.849196,-122.444942,4.634959,-0.871871,0.489735,36.0,12.0,4.0,0.807781,1633528284.0,366985310.0,37.84908,-122.466372,15.165085,0.738417,-0.674345,60.0,38.0,10.0,0.735589,1633528284.0,368052630.0,37.821252,-122.462268,10.334915,0.926328,0.376718,60.0,42.0,10.0,0.713641,1633528284.0,368071540.0,37.822192,-122.473725,9.142072,0.897573,-0.440866,36.0,17.0,8.0,0.74676,240.0,7.946666666666667,10.0
1633528285.0,338246396.0,37.849207,-122.444965,4.64747,-0.873428,0.486953,36.0,12.0,4.0,0.805539,1633528285.0,366985310.0,37.849033,-122.466306,15.184138,0.73866,-0.674078,60.0,38.0,10.0,0.732874,1633528285.0,368052630.0,37.82127,-122.462212,10.337472,0.926346,0.376674,60.0,42.0,10.0,0.711036,1633528285.0,368071540.0,37.822173,-122.473677,9.161646,0.897163,-0.441699,36.0,17.0,8.0,0.743853,240.0,7.947222222222222,10.0
1633528286.0,338246396.0,37.849217,-122.444989,4.659339,-0.87491,0.484286,36.0,12.0,4.0,0.803289,1633528286.0,366985310.0,37.848986,-122.46624,15.202711,0.738923,-0.673789,60.0,38.0,10.0,0.730156,1633528286.0,368052630.0,37.821288,-122.462156,10.339949,0.926392,0.37656,60.0,42.0,10.0,0.70843,1633528286.0,368071540.0,37.822155,-122.473629,9.180609,0.896753,-0.442531,36.0,17.0,8.0,0.740941,240.0,7.947777777777778,10.0
1633528287.0,338246396.0,37.849228,-122.445013,4.670561,-0.876318,0.481732,36.0,12.0,4.0,0.801031,1633528287.0,366985310.0,37.848938,-122.466175,15.220805,0.739206,-0.673479,60.0,38.0,10.0,0.727435,1633528287.0,368052630.0,37.821306,-122.4621,10.342348,0.926466,0.376379,60.0,42.0,10.0,0.705824,1633528287.0,368071540.0,37.822136,-122.473581,9.198963,0.896342,-0.443363,36.0,17.0,8.0,0.738023,240.0,7.948333333333333,10.0
1633528288.0,338246396.0,37.849238,-122.445037,4.681131,-0.877656,0.479291,36.0,12.0,4.0,0.798766,1633528288.0,366985310.0,37.848891,-122.466109,15.238421,0.739509,-0.673147,60.0,38.0,10.0,0.72471,1633528288.0,368052630.0,37.821324,-122.462043,10.344669,0.926568,0.376128,60.0,42.0,10.0,0.703217,1633528288.0,368071540.0,37.822117,-122.473532,9.216706,0.89593,-0.444195,36.0,17.0,8.0,0.7351,240.0,7.948888888888889,10.0
1633528289.0,338246396.0,37.849249,-122.445061,4.691044,-0.878925,0.476961,36.0,12.0,4.0,0.796494,1633528289.0,366985310.0,37.848844,-122.466043,15.255558,0.739831,-0.672792,60.0,38.0,10.0,0.721982,1633528289.0,368052630.0,37.821342,-122.461987,10.346912,0.926697,0.37581,60.0,42.0,10.0,0.700609,1633528289.0,368071540.0,37.822098,-122.473484,9.233839,0.895517,-0.445026,36.0,17.0,8.0,0.732171,240.0,7.9494444444444445,10.0
1633528290.0,338246396.0,37.849259,-122.445085,4.700295,-0.880126,0.47474,36.0,12.0,4.0,0.794216,1633528290.0,366985310.0,37.848796,-122.465976,15.272218,0.740173,-0.672416,60.0,38.0,10.0,0.719251,1633528290.0,368052630.0,37.82136,-122.461931,10.349078,0.926853,0.375423,60.0,42.0,10.0,0.698001,1633528290.0,368071540.0,37.822079,-122.473436,9.250362,0.895104,-0.445858,36.0,17.0,8.0,0.729238,240.0,7.95,10.0
1633528291.0,338246396.0,37.849269,-122.445109,4.70888,-0.881262,0.472629,36.0,12.0,4.0,0.791932,1633528291.0,366985310.0,37.848749,-122.46591,15.288402,0.740535,-0.672018,60.0,38.0,10.0,0.716516,1633528291.0,368052630.0,37.821378,-122.461875,10.351168,0.927038,0.374968,60.0,42.0,10.0,0.695392,1633528291.0,368071540.0,37.82206,-122.473387,9.266275,0.894689,-0.446689,36.0,17.0,8.0,0.7263,240.0,7.950555555555556,10.0
1633528292.0,338246396.0,37.84928,-122.445134,4.716795,-0.882334,0.470624,36.0,12.0,4.0,0.789641,1633528292.0,366985310.0,37.848701,-122.465844,15.304109,0.740915,-0.671598,60.0,38.0,10.0,0.713779,1633528292.0,368052630.0,37.821396,-122.461819,10.353183,0.927249,0.374445,60.0,42.0,10.0,0.692782,1633528292.0,368071540.0,37.822041,-122.473338,9.281578,0.894273,-0.447521,36.0,17.0,8.0,0.723357,240.0,7.951111111111111,10.0
1633528293.0,338246396.0,37.84929,-122.445158,4.724035,-0.883343,0.468727,36.0,12.0,4.0,0.787346,1633528293.0,366985310.0,37.848653,-122.465777,15.319342,0.741315,-0.671157,60.0,38.0,10.0,0.711038,1633528293.0,368052630.0,37.821414,-122.461763,10.355125,0.927488,0.373853,60.0,42.0,10.0,0.690172,1633528293.0,368071540.0,37.822022,-122.47329,9.296271,0.893856,-0.448354,36.0,17.0,8.0,0.72041,240.0,7.951666666666666,10.0
1633528294.0,338246396.0,37.8493,-122.445182,4.730598,-0.884292,0.466935,36.0,12.0,4.0,0.785046,1633528294.0,366985310.0,37.848606,-122.465711,15.3341,0.741735,-0.670693,60.0,38.0,10.0,0.708295,1633528294.0,368052630.0,37.821432,-122.461706,10.356994,0.927754,0.373193,60.0,42.0,10.0,0.68756,1633528294.0,368071540.0,37.822002,-122.473241,9.310354,0.893438,-0.449187,36.0,17.0,8.0,0.717459,240.0,7.952222222222222,10.0
1633528295.0,338246396.0,37.84931,-122.445207,4.73648,-0.885181,0.465247,36.0,12.0,4.0,0.782742,1633528295.0,366985310.0,37.848558,-122.465644,15.348385,0.742173,-0.670208,60.0,38.0,10.0,0.705549,1633528295.0,368052630.0,37.82145,-122.46165,10.358792,0.928041,0.372478,60.0,42.0,10.0,0.684948,1633528295.0,368071540.0,37.821983,-122.473192,9.323828,0.893018,-0.450021,36.0,17.0,8.0,0.714504,240.0,7.9527777777777775,10.0
1633528296.0,338246396.0,37.849321,-122.445232,4.741678,-0.886011,0.463664,36.0,12.0,4.0,0.780433,1633528296.0,366985310.0,37.848511,-122.465578,15.362197,0.742631,-0.669701,60.0,38.0,10.0,0.702799,1633528296.0,368052630.0,37.821468,-122.461594,10.360511,0.928329,0.371761,60.0,42.0,10.0,0.682336,1633528296.0,368071540.0,37.821963,-122.473144,9.336692,0.892597,-0.450856,36.0,17.0,8.0,0.711546,240.0,7.953333333333333,10.0
1633528297.0,338246396.0,37.849331,-122.445256,4.746188,-0.886784,0.462184,36.0,12.0,4.0,0.778121,1633528297.0,366985310.0,37.848463,-122.465511,15.375537,0.743108,-0.669171,60.0,38.0,10.0,0.700048,1633528297.0,368052630.0,37.821486,-122.461537,10.362149,0.928611,0.371054,60.0,42.0,10.0,0.679722,1633528297.0,368071540.0,37.821944,-122.473095,9.348946,0.892174,-0.451692,36.0,17.0,8.0,0.708583,240.0,7.953888888888889,10.0
1633528298.0,338246396.0,37.849341,-122.445281,4.750008,-0.887501,0.460806,36.0,12.0,4.0,0.775806,1633528298.0,366985310.0,37.848416,-122.465444,15.388407,0.743604,-0.66862,60.0,38.0,10.0,0.697293,1633528298.0,368052630.0,37.821503,-122.461481,10.363706,0.928889,0.370358,60.0,42.0,10.0,0.677108,1633528298.0,368071540.0,37.821924,-122.473046,9.360591,0.89175,-0.452529,36.0,17.0,8.0,0.705617,240.0,7.954444444444444,10.0
1633528299.0,338246396.0,37.849351,-122.445306,4.753136,-0.888162,0.45953,36.0,12.0,4.0,0.773488,1633528299.0,366985310.0,37.848368,-122.465377,15.400807,0.744119,-0.668047,60.0,38.0,10.0,0.694536,1633528299.0,368052630.0,37.821521,-122.461425,10.365182,0.929162,0.369674,60.0,42.0,10.0,0.674493,1633528299.0,368071540.0,37.821905,-122.472997,9.371626,0.891324,-0.453368,36.0,17.0,8.0,0.702649,240.0,7.955,10.0
1633528300.0,338246396.0,37.849361,-122.44533,4.755569,-0.888769,0.458355,36.0,12.0,4.0,0.771167,1633528300.0,366985310.0,37.84832,-122.46531,15.412738,0.744653,-0.667452,60.0,38.0,10.0,0.691777,1633528300.0,368052630.0,37.821539,-122.461368,10.366577,0.929429,0.369,60.0,42.0,10.0,0.671877,1633528300.0,368071540.0,37.821885,-122.472948,9.382052,0.890896,-0.454208,36.0,17.0,8.0,0.699677,240.0,7.955555555555556,10.0
1633528301.0,338246396.0,37.849371,-122.445355,4.757305,-0.889322,0.457282,36.0,12.0,4.0,0.768845,1633528301.0,366985310.0,37.848273,-122.465242,15.424202,0.745206,-0.666834,60.0,38.0,10.0,0.689015,1633528301.0,368052630.0,37.821557,-122.461312,10.367891,0.929692,0.368337,60.0,42.0,10.0,0.669261,1633528301.0,368071540.0,37.821866,-122.472899,9.391869,0.890466,-0.45505,36.0,17.0,8.0,0.696702,240.0,7.956111111111111,10.0
1633528302.0,338246396.0,37.849381,-122.44538,4.758342,-0.889821,0.456309,36.0,12.0,4.0,0.766521,1633528302.0,366985310.0,37.848225,-122.465175,15.4352,0.745778,-0.666195,60.0,38.0,10.0,0.68625,1633528302.0,368052630.0,37.821574,-122.461255,10.369122,0.92995,0.367685,60.0,42.0,10.0,0.666644,1633528302.0,368071540.0,37.821846,-122.47285,9.401076,0.890034,-0.455894,36.0,17.0,8.0,0.693725,240.0,7.956666666666667,10.0
1633528303.0,338246396.0,37.849391,-122.445405,4.758678,-0.890268,0.455436,36.0,12.0,4.0,0.764197,1633528303.0,366985310.0,37.848178,-122.465108,15.445732,0.746369,-0.665533,60.0,38.0,10.0,0.683484,1633528303.0,368052630.0,37.821592,-122.461199,10.370271,0.930204,0.367044,60.0,42.0,10.0,0.664026,1633528303.0,368071540.0,37.821826,-122.472801,9.409675,0.8896,-0.45674,36.0,17.0,8.0,0.690745,240.0,7.957222222222223,10.0
1633528304.0,338246396.0,37.849401,-122.445429,4.758311,-0.890663,0.454663,36.0,12.0,4.0,0.761871,1633528304.0,366985310.0,37.84813,-122.46504,15.455817,0.746974,-0.664853,60.0,38.0,10.0,0.680715,1633528304.0,368052630.0,37.82161,-122.461142,10.371338,0.930452,0.366414,60.0,42.0,10.0,0.661408,1633528304.0,368071540.0,37.821806,-122.472752,9.417664,0.889164,-0.457588,36.0,17.0,8.0,0.687764,240.0,7.957777777777778,10.0
1633528305.0,338246396.0,37.849411,-122.445454,4.757241,-0.891007,0.45399,36.0,12.0,4.0,0.759545,1633528305.0,366985310.0,37.848082,-122.464972,15.465518,0.747581,-0.664171,60.0,38.0,10.0,0.677944,1633528305.0,368052630.0,37.821627,-122.461086,10.372322,0.930696,0.365794,60.0,42.0,10.0,0.658789,1633528305.0,368071540.0,37.821786,-122.472703,9.425045,0.888726,-0.458439,36.0,17.0,8.0,0.68478,240.0,7.958333333333333,10.0
1633528306.0,338246396.0,37.849421,-122.445479,4.755466,-0.891299,0.453417,36.0,12.0,4.0,0.75722,1633528306.0,366985310.0,37.848035,-122.464905,15.474853,0.748184,-0.663492,60.0,38.0,10.0,0.675171,1633528306.0,368052630.0,37.821645,-122.461029,10.373223,0.930935,0.365186,60.0,42.0,10.0,0.65617,1633528306.0,368071540.0,37.821766,-122.472654,9.431817,0.888286,-0.459292,36.0,17.0,8.0,0.681795,240.0,7.958888888888889,10.0
1633528307.0,338246396.0,37.849431,-122.445504,4.752985,-0.89154,0.452943,36.0,12.0,4.0,0.754895,1633528307.0,366985310.0,37.847987,-122.464837,15.48382,0.748784,-0.662814,60.0,38.0,10.0,0.672397,1633528307.0,368052630.0,37.821662,-122.460973,10.374041,0.931169,0.364588,60.0,42.0,10.0,0.653551,1633528307.0,368071540.0,37.821746,-122.472605,9.43798,0.887843,-0.460147,36.0,17.0,8.0,0.678808,240.0,7.959444444444444,10.0
1633528308.0,338246396.0,37.849441,-122.445529,4.749797,-0.89173,0.452568,36.0,12.0,4.0,0.752571,1633528308.0,366985310.0,37.84794,-122.464769,15.49242,0.749381,-0.662139,60.0,38.0,10.0,0.66962,1633528308.0,368052630.0,37.82168,-122.460916,10.374775,0.931398,0.364001,60.0,42.0,10.0,0.650931,1633528308.0,368071540.0,37.821726,-122.472556,9.443535,0.887397,-0.461006,36.0,17.0,8.0,0.67582,240.0,7.96,10.0
1633528309.0,338246396.0,37.849451,-122.445554,4.745902,-0.891869,0.452294,36.0,12.0,4.0,0.750248,1633528309.0,366985310.0,37.847892,-122.464701,15.500653,0.749975,-0.661466,60.0,38.0,10.0,0.666841,1633528309.0,368052630.0,37.821697,-122.46086,10.375426,0.931623,0.363425,60.0,42.0,10.0,0.64831,1633528309.0,368071540.0,37.821706,-122.472507,9.448481,0.886949,-0.461867,36.0,17.0,8.0,0.67283,240.0,7.960555555555556,10.0
1633528310.0,338246396.0,37.849461,-122.445578,4.741298,-0.891958,0.452119,36.0,12.0,4.0,0.747927,1633528310.0,366985310.0,37.847845,-122.464633,15.508518,0.750567,-0.660794,60.0,38.0,10.0,0.664061,1633528310.0,368052630.0,37.821715,-122.460803,10.375993,0.931844,0.36286,60.0,42.0,10.0,0.645689,1633528310.0,368071540.0,37.821686,-122.472458,9.452819,0.886498,-0.462732,36.0,17.0,8.0,0.66984,240.0,7.961111111111111,10.0
1633528311.0,338246396.0,37.849471,-122.445603,4.735986,-0.891995,0.452045,36.0,12.0,4.0,0.745609,1633528311.0,366985310.0,37.847798,-122.464565,15.516015,0.751155,-0.660125,60.0,38.0,10.0,0.661279,1633528311.0,368052630.0,37.821732,-122.460746,10.376476,0.932059,0.362306,60.0,42.0,10.0,0.643068,1633528311.0,368071540.0,37.821665,-122.472409,9.456549,0.886045,-0.4636,36.0,17.0,8.0,0.666848,240.0,7.961666666666667,10.0
1633528312.0,338246396.0,37.849481,-122.445628,4.729966,-0.891982,0.452071,36.0,12.0,4.0,0.743293,1633528312.0,366985310.0,37.84775,-122.464496,15.523145,0.751741,-0.659458,60.0,38.0,10.0,0.658496,1633528312.0,368052630.0,37.821749,-122.46069,10.376875,0.932271,0.361762,60.0,42.0,10.0,0.640446,1633528312.0,368071540.0,37.821645,-122.47236,9.45967,0.885588,-0.464471,36.0,17.0,8.0,0.663857,240.0,7.9622222222222225,10.0
1633528313.0,338246396.0,37.849491,-122.445653,4.723237,-0.891918,0.452197,36.0,12.0,4.0,0.74098,1633528313.0,366985310.0,37.847703,-122.464428,15.529907,0.752325,-0.658793,60.0,38.0,10.0,0.655711,1633528313.0,368052630.0,37.821767,-122.460633,10.377189,0.932477,0.361229,60.0,42.0,10.0,0.637824,1633528313.0,368071540.0,37.821625,-122.472311,9.462184,0.885129,-0.465346,36.0,17.0,8.0,0.660865,240.0,7.962777777777777,10.0
1633528314.0,338246396.0,37.849501,-122.445677,4.715801,-0.891802,0.452425,36.0,12.0,4.0,0.73867,1633528314.0,366985310.0,37.847656,-122.464359,15.5363,0.752905,-0.658129,60.0,38.0,10.0,0.652924,1633528314.0,368052630.0,37.821784,-122.460576,10.377419,0.932679,0.360707,60.0,42.0,10.0,0.635202,1633528314.0,368071540.0,37.821604,-122.472262,9.46409,0.884666,-0.466225,36.0,17.0,8.0,0.657872,240.0,7.963333333333333,10.0
1633528315.0,338246396.0,37.849511,-122.445702,4.707656,-0.891635,0.452755,36.0,12.0,4.0,0.736365,1633528315.0,366985310.0,37.847608,-122.464291,15.542326,0.753483,-0.657467,60.0,38.0,10.0,0.650136,1633528315.0,368052630.0,37.821801,-122.46052,10.377563,0.932877,0.360196,60.0,42.0,10.0,0.632579,1633528315.0,368071540.0,37.821584,-122.472213,9.465389,0.884201,-0.467107,36.0,17.0,8.0,0.65488,240.0,7.963888888888889,10.0
1633528316.0,338246396.0,37.84952,-122.445727,4.698804,-0.891415,0.453188,36.0,12.0,4.0,0.734064,1633528316.0,366985310.0,37.847561,-122.464222,15.547983,0.754058,-0.656808,60.0,38.0,10.0,0.647347,1633528316.0,368052630.0,37.821819,-122.460463,10.377623,0.93307,0.359695,60.0,42.0,10.0,0.629956,1633528316.0,368071540.0,37.821564,-122.472164,9.46608,0.883732,-0.467994,36.0,17.0,8.0,0.651888,240.0,7.964444444444444,10.0
1633528317.0,338246396.0,37.84953,-122.445751,4.689246,-0.891143,0.453723,36.0,12.0,4.0,0.731767,1633528317.0,366985310.0,37.847514,-122.464154,15.553272,0.754631,-0.656149,60.0,38.0,10.0,0.644557,1633528317.0,368052630.0,37.821836,-122.460406,10.377597,0.933258,0.359206,60.0,42.0,10.0,0.627333,1633528317.0,368071540.0,37.821543,-122.472115,9.466163,0.883259,-0.468885,36.0,17.0,8.0,0.648897,240.0,7.965,10.0
1633528318.0,338246396.0,37.84954,-122.445776,4.678982,-0.890817,0.454363,36.0,12.0,4.0,0.729476,1633528318.0,366985310.0,37.847467,-122.464085,15.558192,0.755201,-0.655493,60.0,38.0,10.0,0.641765,1633528318.0,368052630.0,37.821853,-122.46035,10.377486,0.933443,0.358727,60.0,42.0,10.0,0.62471,1633528318.0,368071540.0,37.821523,-122.472066,9.465639,0.882783,-0.46978,36.0,17.0,8.0,0.645906,240.0,7.9655555555555555,10.0
1633528319.0,338246396.0,37.84955,-122.4458,4.668211,-0.890451,0.455078,36.0,12.0,4.0,0.72719,1633528319.0,366985310.0,37.847419,-122.464016,15.562744,0.755769,-0.654838,60.0,38.0,10.0,0.638973,1633528319.0,368052630.0,37.821871,-122.460293,10.377289,0.933622,0.358259,60.0,42.0,10.0,0.622087,1633528319.0,368071540.0,37.821502,-122.472017,9.464509,0.882304,-0.47068,36.0,17.0,8.0,0.642916,240.0,7.966111111111111,10.0
1633528320.0,338246396.0,37.84956,-122.445824,4.657715,-0.890105,0.455755,36.0,12.0,4.0,0.724911,1633528320.0,366985310.0,37.847372,-122.463947,15.566927,0.756335,-0.654185,60.0,38.0,10.0,0.636179,1633528320.0,368052630.0,37.821888,-122.460236,10.377006,0.933798,0.357801,60.0,42.0,10.0,0.619463,1633528320.0,368071540.0,37.821481,-122.471968,9.462771,0.881821,-0.471585,36.0,17.0,8.0,0.639927,240.0,7.966666666666667,10.0
1633528321.0,338246396.0,37.84957,-122.445849,4.647692,-0.889793,0.456365,36.0,12.0,4.0,0.722637,1633528321.0,366985310.0,37.847325,-122.463878,15.570741,0.756898,-0.653533,60.0,38.0,10.0,0.633384,1633528321.0,368052630.0,37.821905,-122.460179,10.376637,0.933969,0.357355,60.0,42.0,10.0,0.616839,1633528321.0,368071540.0,37.821461,-122.471919,9.460427,0.881334,-0.472494,36.0,17.0,8.0,0.636939,240.0,7.967222222222222,10.0
1633528322.0,338246396.0,37.849579,-122.445873,4.638139,-0.889515,0.456906,36.0,12.0,4.0,0.720368,1633528322.0,366985310.0,37.847278,-122.463809,15.574187,0.757459,-0.652882,60.0,38.0,10.0,0.630589,1633528322.0,368052630.0,37.821922,-122.460123,10.376182,0.934135,0.356919,60.0,42.0,10.0,0.614216,1633528322.0,368071540.0,37.82144,-122.47187,9.457585,0.880844,-0.473407,36.0,17.0,8.0,0.633953,240.0,7.967777777777778,10.0
1633528323.0,338246396.0,37.849589,-122.445897,4.629057,-0.889272,0.457379,36.0,12.0,4.0,0.718104,1633528323.0,366985310.0,37.847231,-122.46374,15.577263,0.758018,-0.652234,60.0,38.0,10.0,0.627793,1633528323.0,368052630.0,37.821939,-122.460066,10.37564,0.934298,0.356494,60.0,42.0,10.0,0.611592,1633528323.0,368071540.0,37.821419,-122.471821,9.454681,0.880356,-0.474314,36.0,17.0,8.0,0.630968,240.0,7.968333333333334,10.0
1633528324.0,338246396.0,37.849599,-122.445921,4.620445,-0.889064,0.457782,36.0,12.0,4.0,0.715846,1633528324.0,366985310.0,37.847184,-122.463671,15.579971,0.758575,-0.651586,60.0,38.0,10.0,0.624996,1633528324.0,368052630.0,37.821956,-122.460009,10.375012,0.934456,0.356079,60.0,42.0,10.0,0.608968,1633528324.0,368071540.0,37.821399,-122.471772,9.451822,0.87987,-0.475214,36.0,17.0,8.0,0.627985,240.0,7.968888888888889,10.0
1633528325.0,338246396.0,37.849609,-122.445945,4.612301,-0.888893,0.458116,36.0,12.0,4.0,0.713592,1633528325.0,366985310.0,37.847137,-122.463601,15.582309,0.759129,-0.65094,60.0,38.0,10.0,0.622198,1633528325.0,368052630.0,37.821973,-122.459952,10.374297,0.93461,0.355675,60.0,42.0,10.0,0.606344,1633528325.0,368071540.0,37.821378,-122.471724,9.449009,0.879387,-0.476107,36.0,17.0,8.0,0.625003,240.0,7.969444444444445,10.0
1633528326.0,338246396.0,37.849619,-122.445969,4.604627,-0.888757,0.458379,36.0,12.0,4.0,0.711342,1633528326.0,366985310.0,37.84709,-122.463532,15.584278,0.759681,-0.650295,60.0,38.0,10.0,0.6194,1633528326.0,368052630.0,37.82199,-122.459895,10.373496,0.934759,0.355282,60.0,42.0,10.0,0.60372,1633528326.0,368071540.0,37.821357,-122.471675,9.446242,0.878907,-0.476993,36.0,17.0,8.0,0.622024,240.0,7.97,10.0
1633528327.0,338246396.0,37.849628,-122.445993,4.597422,-0.888657,0.458573,36.0,12.0,4.0,0.709097,1633528327.0,366985310.0,37.847043,-122.463463,15.585878,0.760232,-0.649652,60.0,38.0,10.0,0.616601,1633528327.0,368052630.0,37.822008,-122.459839,10.372607,0.934904,0.3549,60.0,42.0,10.0,0.601096,1633528327.0,368071540.0,37.821336,-122.471626,9.44352,0.878429,-0.477872,36.0,17.0,8.0,0.619045,240.0,7.970555555555555,10.0
1633528328.0,338246396.0,37.849638,-122.446017,4.590684,-0.888594,0.458695,36.0,12.0,4.0,0.706855,1633528328.0,366985310.0,37.846996,-122.463393,15.587108,0.76078,-0.64901,60.0,38.0,10.0,0.613802,1633528328.0,368052630.0,37.822025,-122.459782,10.371631,0.935045,0.354529,60.0,42.0,10.0,0.598473,1633528328.0,368071540.0,37.821315,-122.471578,9.440843,0.877955,-0.478744,36.0,17.0,8.0,0.616069,240.0,7.971111111111111,10.0
1633528329.0,338246396.0,37.849648,-122.446041,4.584415,-0.888568,0.458746,36.0,12.0,4.0,0.704617,1633528329.0,366985310.0,37.84695,-122.463324,15.587969,0.761326,-0.648369,60.0,38.0,10.0,0.611003,1633528329.0,368052630.0,37.822042,-122.459725,10.370568,0.935182,0.354168,60.0,42.0,10.0,0.595849,1633528329.0,368071540.0,37.821294,-122.471529,9.438211,0.877483,-0.479608,36.0,17.0,8.0,0.613093,240.0,7.971666666666667,10.0
1633528330.0,338246396.0,37.849658,-122.446065,4.578614,-0.888578,0.458725,36.0,12.0,4.0,0.702382,1633528330.0,366985310.0,37.846903,-122.463254,15.58846,0.761871,-0.647729,60.0,38.0,10.0,0.608203,1633528330.0,368052630.0,37.822059,-122.459668,10.369418,0.935314,0.353818,60.0,42.0,10.0,0.593226,1633528330.0,368071540.0,37.821273,-122.471481,9.435624,0.877014,-0.480465,36.0,17.0,8.0,0.61012,240.0,7.972222222222222,10.0
1633528331.0,338246396.0,37.849667,-122.446089,4.573281,-0.888626,0.458633,36.0,12.0,4.0,0.70015,1633528331.0,366985310.0,37.846856,-122.463185,15.588582,0.762413,-0.64709,60.0,38.0,10.0,0.605403,1633528331.0,368052630.0,37.822076,-122.459611,10.36818,0.935443,0.353479,60.0,42.0,10.0,0.590602,1633528331.0,368071540.0,37.821252,-122.471432,9.433081,0.876548,-0.481315,36.0,17.0,8.0,0.607148,240.0,7.972777777777778,10.0
1633528332.0,338246396.0,37.849677,-122.446113,4.568416,-0.888711,0.458469,36.0,12.0,4.0,0.69792,1633528332.0,366985310.0,37.846809,-122.463115,15.588333,0.762954,-0.646453,60.0,38.0,10.0,0.602603,1633528332.0,368052630.0,37.822092,-122.459555,10.366854,0.935567,0.35315,60.0,42.0,10.0,0.587979,1633528332.0,368071540.0,37.821231,-122.471384,9.430583,0.876084,-0.482158,36.0,17.0,8.0,0.604177,240.0,7.973333333333334,10.0
1633528333.0,338246396.0,37.849687,-122.446136,4.56402,-0.888832,0.458232,36.0,12.0,4.0,0.695693,1633528333.0,366985310.0,37.846763,-122.463045,15.587715,0.763493,-0.645816,60.0,38.0,10.0,0.599803,1633528333.0,368052630.0,37.822109,-122.459498,10.36544,0.935687,0.352832,60.0,42.0,10.0,0.585356,1633528333.0,368071540.0,37.82121,-122.471336,9.428128,0.875624,-0.482993,36.0,17.0,8.0,0.601208,240.0,7.973888888888888,10.0
1633528334.0,338246396.0,37.849696,-122.44616,4.560093,-0.888992,0.457924,36.0,12.0,4.0,0.693468,1633528334.0,366985310.0,37.846716,-122.462976,15.586727,0.76403,-0.64518,60.0,38.0,10.0,0.597003,1633528334.0,368052630.0,37.822126,-122.459441,10.363938,0.935802,0.352525,60.0,42.0,10.0,0.582733,1633528334.0,368071540.0,37.821189,-122.471287,9.425717,0.875167,-0.483822,36.0,17.0,8.0,0.598241,240.0,7.974444444444444,10.0
1633528335.0,338246396.0,37.849706,-122.446184,4.556634,-0.889188,0.457542,36.0,12.0,4.0,0.691245,1633528335.0,366985310.0,37.84667,-122.462906,15.585369,0.764566,-0.644546,60.0,38.0,10.0,0.594203,1633528335.0,368052630.0,37.822143,-122.459384,10.362349,0.935914,0.352229,60.0,42.0,10.0,0.580111,1633528335.0,368071540.0,37.821168,-122.471239,9.42335,0.874712,-0.484643,36.0,17.0,8.0,0.595275,240.0,7.975,10.0
1633528336.0,338246396.0,37.849716,-122.446208,4.553645,-0.889421,0.457088,36.0,12.0,4.0,0.689024,1633528336.0,366985310.0,37.846623,-122.462836,15.583641,0.7651,-0.643912,60.0,38.0,10.0,0.591404,1633528336.0,368052630.0,37.82216,-122.459327,10.360671,0.936021,0.351943,60.0,42.0,10.0,0.577489,1633528336.0,368071540.0,37.821147,-122.471191,9.421026,0.874261,-0.485456,36.0,17.0,8.0,0.59231,240.0,7.975555555555555,10.0
1633528337.0,338246396.0,37.849725,-122.446231,4.551127,-0.889692,0.456562,36.0,12.0,4.0,0.686804,1633528337.0,366985310.0,37.846577,-122.462766,15.581543,0.765632,-0.643279,60.0,38.0,10.0,0.588604,1633528337.0,368052630.0,37.822177,-122.459271,10.358905,0.936125,0.351668,60.0,42.0,10.0,0.574867,1633528337.0,368071540.0,37.821126,-122.471142,9.418745,0.873813,-0.486263,36.0,17.0,8.0,0.589347,240.0,7.976111111111111,10.0
1633528338.0,338246396.0,37.849735,-122.446255,4.549079,-0.889999,0.455962,36.0,12.0,4.0,0.684584,1633528338.0,366985310.0,37.84653,-122.462696,15.579074,0.766163,-0.642647,60.0,38.0,10.0,0.585805,1633528338.0,368052630.0,37.822194,-122.459214,10.35705,0.936224,0.351404,60.0,42.0,10.0,0.572245,1633528338.0,368071540.0,37.821105,-122.471094,9.416507,0.873367,-0.487062,36.0,17.0,8.0,0.586385,240.0,7.976666666666667,10.0
1633528339.0,338246396.0,37.849745,-122.446279,4.547503,-0.890343,0.45529,36.0,12.0,4.0,0.682366,1633528339.0,366985310.0,37.846484,-122.462626,15.576236,0.766692,-0.642015,60.0,38.0,10.0,0.583006,1633528339.0,368052630.0,37.822211,-122.459157,10.355107,0.936319,0.35115,60.0,42.0,10.0,0.569624,1633528339.0,368071540.0,37.821083,-122.471046,9.414312,0.872925,-0.487854,36.0,17.0,8.0,0.583425,240.0,7.977222222222222,10.0
1633528340.0,338246396.0,37.849754,-122.446303,4.546399,-0.890723,0.454546,36.0,12.0,4.0,0.680148,1633528340.0,366985310.0,37.846438,-122.462557,15.573027,0.767219,-0.641385,60.0,38.0,10.0,0.580208,1633528340.0,368052630.0,37.822228,-122.4591,10.353075,0.93641,0.350908,60.0,42.0,10.0,0.567003,1633528340.0,368071540.0,37.821062,-122.470998,9.412159,0.872486,-0.488639,36.0,17.0,8.0,0.580466,240.0,7.977777777777778,10.0
1633528341.0,338246396.0,37.849764,-122.446326,4.545769,-0.89114,0.453729,36.0,12.0,4.0,0.67793,1633528341.0,366985310.0,37.846392,-122.462487,15.569447,0.767745,-0.640755,60.0,38.0,10.0,0.577411,1633528341.0,368052630.0,37.822244,-122.459043,10.350955,0.936497,0.350676,60.0,42.0,10.0,0.564383,1633528341.0,368071540.0,37.821041,-122.47095,9.410049,0.87205,-0.489416,36.0,17.0,8.0,0.577509,240.0,7.978333333333333,10.0
1633528342.0,338246396.0,37.849773,-122.44635,4.545612,-0.891592,0.452839,36.0,12.0,4.0,0.675712,1633528342.0,366985310.0,37.846345,-122.462416,15.565497,0.76827,-0.640126,60.0,38.0,10.0,0.574614,1633528342.0,368052630.0,37.822261,-122.458987,10.348745,0.93658,0.350454,60.0,42.0,10.0,0.561763,1633528342.0,368071540.0,37.82102,-122.470902,9.40798,0.871618,-0.490187,36.0,17.0,8.0,0.574553,240.0,7.978888888888889,10.0
1633528343.0,338246396.0,37.849783,-122.446374,4.545932,-0.89208,0.451877,36.0,12.0,4.0,0.673493,1633528343.0,366985310.0,37.846299,-122.462346,15.561177,0.768793,-0.639497,60.0,38.0,10.0,0.571817,1633528343.0,368052630.0,37.822278,-122.45893,10.346447,0.936658,0.350244,60.0,42.0,10.0,0.559144,1633528343.0,368071540.0,37.820998,-122.470854,9.405954,0.871188,-0.490949,36.0,17.0,8.0,0.571598,240.0,7.979444444444445,10.0
1633528344.0,338246396.0,37.849792,-122.446398,4.546728,-0.892603,0.450844,36.0,12.0,4.0,0.671274,1633528344.0,366985310.0,37.846253,-122.462276,15.556486,0.769315,-0.638869,60.0,38.0,10.0,0.569022,1633528344.0,368052630.0,37.822295,-122.458873,10.34406,0.936733,0.350044,60.0,42.0,10.0,0.556525,1633528344.0,368071540.0,37.820977,-122.470806,9.403969,0.870762,-0.491705,36.0,17.0,8.0,0.568645,240.0,7.98,10.0
1633528345.0,338246396.0,37.849802,-122.446421,4.548001,-0.893161,0.449738,36.0,12.0,4.0,0.669054,1633528345.0,366985310.0,37.846207,-122.462206,15.551424,0.769836,-0.638242,60.0,38.0,10.0,0.566227,1633528345.0,368052630.0,37.822311,-122.458816,10.341584,0.936804,0.349855,60.0,42.0,10.0,0.553906,1633528345.0,368071540.0,37.820956,-122.470758,9.402026,0.870339,-0.492453,36.0,17.0,8.0,0.565693,240.0,7.980555555555556,10.0
1633528346.0,338246396.0,37.849811,-122.446445,4.549754,-0.893752,0.448561,36.0,12.0,4.0,0.666832,1633528346.0,366985310.0,37.846161,-122.462136,15.545992,0.770356,-0.637615,60.0,38.0,10.0,0.563433,1633528346.0,368052630.0,37.822328,-122.45876,10.339019,0.93687,0.349677,60.0,42.0,10.0,0.551288,1633528346.0,368071540.0,37.820934,-122.47071,9.400124,0.869919,-0.493194,36.0,17.0,8.0,0.562742,240.0,7.981111111111111,10.0
1633528347.0,338246396.0,37.849821,-122.446469,4.551988,-0.894378,0.447313,36.0,12.0,4.0,0.664609,1633528347.0,366985310.0,37.846116,-122.462066,15.540189,0.770874,-0.636988,60.0,38.0,10.0,0.560641,1633528347.0,368052630.0,37.822345,-122.458703,10.336365,0.936933,0.34951,60.0,42.0,10.0,0.548671,1633528347.0,368071540.0,37.820913,-122.470662,9.398263,0.869503,-0.493928,36.0,17.0,8.0,0.559793,240.0,7.981666666666666,10.0
1633528348.0,338246396.0,37.84983,-122.446493,4.554704,-0.895036,0.445993,36.0,12.0,4.0,0.662385,1633528348.0,366985310.0,37.84607,-122.461996,15.534015,0.771391,-0.636362,60.0,38.0,10.0,0.557849,1633528348.0,368052630.0,37.822362,-122.458646,10.333621,0.936991,0.349353,60.0,42.0,10.0,0.546054,1633528348.0,368071540.0,37.820891,-122.470614,9.396443,0.86909,-0.494655,36.0,17.0,8.0,0.556845,240.0,7.982222222222222,10.0
1633528349.0,338246396.0,37.849839,-122.446517,4.557904,-0.895727,0.444604,36.0,12.0,4.0,0.660158,1633528349.0,366985310.0,37.846024,-122.461926,15.52747,0.771907,-0.635736,60.0,38.0,10.0,0.555059,1633528349.0,368052630.0,37.822378,-122.458589,10.330789,0.937046,0.349207,60.0,42.0,10.0,0.543438,1633528349.0,368071540.0,37.82087,-122.470566,9.394664,0.86868,-0.495374,36.0,17.0,8.0,0.553898,240.0,7.982777777777778,10.0
1633528350.0,338246396.0,37.849849,-122.446541,4.561589,-0.896451,0.443144,36.0,12.0,4.0,0.657928,1633528350.0,366985310.0,37.845978,-122.461855,15.520555,0.772421,-0.63511,60.0,38.0,10.0,0.55227,1633528350.0,368052630.0,37.822395,-122.458533,10.327866,0.937096,0.349072,60.0,42.0,10.0,0.540823,1633528350.0,368071540.0,37.820848,-122.470518,9.392926,0.868274,-0.496086,36.0,17.0,8.0,0.550953,240.0,7.983333333333333,10.0
1633528351.0,338246396.0,37.849858,-122.446565,4.565761,-0.897205,0.441614,36.0,12.0,4.0,0.655696,1633528351.0,366985310.0,37.845933,-122.461785,15.513268,0.772935,-0.634485,60.0,38.0,10.0,0.549482,1633528351.0,368052630.0,37.822412,-122.458476,10.324855,0.937142,0.348948,60.0,42.0,10.0,0.538208,1633528351.0,368071540.0,37.820827,-122.470471,9.391227,0.867871,-0.49679,36.0,17.0,8.0,0.548009,240.0,7.983888888888889,10.0
1633528352.0,338246396.0,37.849868,-122.446589,4.570422,-0.89799,0.440016,36.0,12.0,4.0,0.653462,1633528352.0,366985310.0,37.845887,-122.461715,15.50561,0.773448,-0.63386,60.0,38.0,10.0,0.546695,1633528352.0,368052630.0,37.822428,-122.458419,10.321754,0.937184,0.348834,60.0,42.0,10.0,0.535594,1633528352.0,368071540.0,37.820805,-122.470423,9.389569,0.867471,-0.497487,36.0,17.0,8.0,0.545066,240.0,7.984444444444445,10.0
1633528353.0,338246396.0,37.849877,-122.446613,4.575574,-0.898805,0.438349,36.0,12.0,4.0,0.651223,1633528353.0,366985310.0,37.845842,-122.461645,15.497582,0.773959,-0.633235,60.0,38.0,10.0,0.54391,1633528353.0,368052630.0,37.822445,-122.458363,10.318563,0.937223,0.348732,60.0,42.0,10.0,0.532981,1633528353.0,368071540.0,37.820783,-122.470375,9.387951,0.867075,-0.498177,36.0,17.0,8.0,0.542124,240.0,7.985,10.0
1633528354.0,338246396.0,37.849886,-122.446637,4.581219,-0.899649,0.436614,36.0,12.0,4.0,0.648982,1633528354.0,366985310.0,37.845796,-122.461574,15.489182,0.77447,-0.632611,60.0,38.0,10.0,0.541127,1633528354.0,368052630.0,37.822462,-122.458306,10.315283,0.937257,0.34864,60.0,42.0,10.0,0.530369,1633528354.0,368071540.0,37.820762,-122.470328,9.386373,0.866683,-0.49886,36.0,17.0,8.0,0.539184,240.0,7.985555555555555,10.0
1633528355.0,338246396.0,37.849895,-122.446661,4.587358,-0.900521,0.434812,36.0,12.0,4.0,0.646736,1633528355.0,366985310.0,37.845751,-122.461504,15.480411,0.77498,-0.631986,60.0,38.0,10.0,0.538345,1633528355.0,368052630.0,37.822478,-122.458249,10.311914,0.937287,0.348559,60.0,42.0,10.0,0.527757,1633528355.0,368071540.0,37.82074,-122.47028,9.384834,0.866294,-0.499535,36.0,17.0,8.0,0.536245,240.0,7.986111111111111,10.0
1633528356.0,338246396.0,37.849905,-122.446685,4.593995,-0.901421,0.432943,36.0,12.0,4.0,0.644487,1633528356.0,366985310.0,37.845706,-122.461434,15.471269,0.775489,-0.631362,60.0,38.0,10.0,0.535565,1633528356.0,368052630.0,37.822495,-122.458193,10.308454,0.937313,0.348488,60.0,42.0,10.0,0.525146,1633528356.0,368071540.0,37.820718,-122.470232,9.383334,0.865908,-0.500203,36.0,17.0,8.0,0.533307,240.0,7.986666666666666,10.0
1633528357.0,338246396.0,37.849914,-122.446709,4.60113,-0.902348,0.431008,36.0,12.0,4.0,0.642233,1633528357.0,366985310.0,37.845661,-122.461363,15.461755,0.775997,-0.630737,60.0,38.0,10.0,0.532787,1633528357.0,368052630.0,37.822512,-122.458136,10.304906,0.937335,0.348429,60.0,42.0,10.0,0.522536,1633528357.0,368071540.0,37.820697,-122.470185,9.381874,0.865526,-0.500864,36.0,17.0,8.0,0.53037,240.0,7.987222222222222,10.0
1633528358.0,338246396.0,37.849923,-122.446734,4.608767,-0.903301,0.429008,36.0,12.0,4.0,0.639974,1633528358.0,366985310.0,37.845615,-122.461293,15.451871,0.776504,-0.630112,60.0,38.0,10.0,0.530011,1633528358.0,368052630.0,37.822528,-122.45808,10.301267,0.937353,0.348381,60.0,42.0,10.0,0.519927,1633528358.0,368071540.0,37.820675,-122.470137,9.380453,0.865148,-0.501517,36.0,17.0,8.0,0.527434,240.0,7.987777777777778,10.0
1633528359.0,338246396.0,37.849932,-122.446758,4.616907,-0.904278,0.426944,36.0,12.0,4.0,0.637711,1633528359.0,366985310.0,37.84557,-122.461223,15.441615,0.77701,-0.629488,60.0,38.0,10.0,0.527236,1633528359.0,368052630.0,37.822545,-122.458023,10.297539,0.937367,0.348343,60.0,42.0,10.0,0.517319,1633528359.0,368071540.0,37.820653,-122.47009,9.379071,0.864773,-0.502163,36.0,17.0,8.0,0.5245,240.0,7.988333333333333,10.0
1633528360.0,338246396.0,37.849941,-122.446782,4.625553,-0.90528,0.424815,36.0,12.0,4.0,0.635442,1633528360.0,366985310.0,37.845525,-122.461153,15.430988,0.777516,-0.628863,60.0,38.0,10.0,0.524464,1633528360.0,368052630.0,37.822561,-122.457967,10.293721,0.937377,0.348316,60.0,42.0,10.0,0.514712,1633528360.0,368071540.0,37.820631,-122.470042,9.377728,0.864402,-0.502801,36.0,17.0,8.0,0.521567,240.0,7.988888888888889,10.0
1633528361.0,338246396.0,37.84995,-122.446807,4.634706,-0.906305,0.422624,36.0,12.0,4.0,0.633168,1633528361.0,366985310.0,37.84548,-122.461082,15.419989,0.778021,-0.628238,60.0,38.0,10.0,0.521694,1633528361.0,368052630.0,37.822578,-122.45791,10.289814,0.937383,0.348301,60.0,42.0,10.0,0.512105,1633528361.0,368071540.0,37.82061,-122.469995,9.376423,0.864035,-0.503433,36.0,17.0,8.0,0.518635,240.0,7.989444444444445,10.0
1633528362.0,338246396.0,37.849959,-122.446832,4.64437,-0.907352,0.420371,36.0,12.0,4.0,0.630888,1633528362.0,366985310.0,37.845436,-122.461012,15.408619,0.778525,-0.627613,60.0,38.0,10.0,0.518926,1633528362.0,368052630.0,37.822594,-122.457854,10.285817,0.937385,0.348296,60.0,42.0,10.0,0.5095,1633528362.0,368071540.0,37.820588,-122.469947,9.375156,0.863671,-0.504057,36.0,17.0,8.0,0.515704,240.0,7.99,10.0
1633528363.0,338246396.0,37.849968,-122.446856,4.654548,-0.908421,0.418057,36.0,12.0,4.0,0.628602,1633528363.0,366985310.0,37.845391,-122.460942,15.396878,0.779029,-0.626988,60.0,38.0,10.0,0.51616,1633528363.0,368052630.0,37.822611,-122.457797,10.28173,0.937383,0.348302,60.0,42.0,10.0,0.506896,1633528363.0,368071540.0,37.820566,-122.4699,9.373928,0.863311,-0.504673,36.0,17.0,8.0,0.512774,240.0,7.990555555555556,10.0
1633528364.0,338246396.0,37.849977,-122.446881,4.66524,-0.90951,0.415683,36.0,12.0,4.0,0.626309,1633528364.0,366985310.0,37.845346,-122.460871,15.384765,0.779532,-0.626362,60.0,38.0,10.0,0.513397,1633528364.0,368052630.0,37.822628,-122.457741,10.277553,0.937376,0.348319,60.0,42.0,10.0,0.504292,1633528364.0,368071540.0,37.820544,-122.469852,9.372738,0.862954,-0.505282,36.0,17.0,8.0,0.509846,240.0,7.991111111111111,10.0
1633528365.0,338246396.0,37.849986,-122.446906,4.67645,-0.910618,0.41325,36.0,12.0,4.0,0.62401,1633528365.0,366985310.0,37.845302,-122.460801,15.37228,0.780035,-0.625736,60.0,38.0,10.0,0.510636,1633528365.0,368052630.0,37.822644,-122.457684,10.273287,0.937366,0.348346,60.0,42.0,10.0,0.50169,1633528365.0,368071540.0,37.820522,-122.469805,9.371585,0.862601,-0.505884,36.0,17.0,8.0,0.506918,240.0,7.991666666666667,10.0
1633528366.0,338246396.0,37.849995,-122.446931,4.688181,-0.911744,0.410758,36.0,12.0,4.0,0.621704,1633528366.0,366985310.0,37.845257,-122.460731,15.359424,0.780537,-0.62511,60.0,38.0,10.0,0.507877,1633528366.0,368052630.0,37.822661,-122.457628,10.268931,0.937351,0.348385,60.0,42.0,10.0,0.499089,1633528366.0,368071540.0,37.8205,-122.469758,9.37047,0.862252,-0.506479,36.0,17.0,8.0,0.503992,240.0,7.992222222222222,10.0
1633528367.0,338246396.0,37.850004,-122.446956,4.700434,-0.912888,0.40821,36.0,12.0,4.0,0.619391,1633528367.0,366985310.0,37.845213,-122.460661,15.346197,0.781038,-0.624483,60.0,38.0,10.0,0.505121,1633528367.0,368052630.0,37.822677,-122.457571,10.264485,0.937333,0.348435,60.0,42.0,10.0,0.496489,1633528367.0,368071540.0,37.820478,-122.46971,9.369393,0.861907,-0.507066,36.0,17.0,8.0,0.501066,240.0,7.9927777777777775,10.0
1633528368.0,338246396.0,37.850013,-122.446981,4.713213,-0.914048,0.405605,36.0,12.0,4.0,0.61707,1633528368.0,366985310.0,37.845168,-122.46059,15.332598,0.781539,-0.623856,60.0,38.0,10.0,0.502368,1633528368.0,368052630.0,37.822694,-122.457515,10.25995,0.93731,0.348496,60.0,42.0,10.0,0.49389,1633528368.0,368071540.0,37.820456,-122.469663,9.368354,0.861566,-0.507646,36.0,17.0,8.0,0.498142,240.0,7.993333333333333,10.0
1633528369.0,338246396.0,37.850022,-122.447006,4.72652,-0.915224,0.402946,36.0,12.0,4.0,0.614742,1633528369.0,366985310.0,37.845124,-122.46052,15.318627,0.78204,-0.623228,60.0,38.0,10.0,0.499617,1633528369.0,368052630.0,37.82271,-122.457459,10.255325,0.937284,0.348568,60.0,42.0,10.0,0.491292,1633528369.0,368071540.0,37.820434,-122.469616,9.367351,0.861228,-0.508218,36.0,17.0,8.0,0.495219,240.0,7.993888888888889,10.0
1633528370.0,338246396.0,37.850031,-122.447032,4.740358,-0.916414,0.400232,36.0,12.0,4.0,0.612405,1633528370.0,366985310.0,37.84508,-122.46045,15.304364,0.782536,-0.622605,60.0,38.0,10.0,0.49687,1633528370.0,368052630.0,37.822727,-122.457403,10.250611,0.937253,0.348651,60.0,42.0,10.0,0.488696,1633528370.0,368071540.0,37.820412,-122.469568,9.366386,0.860894,-0.508784,36.0,17.0,8.0,0.492297,240.0,7.9944444444444445,10.0
1633528371.0,338246396.0,37.85004,-122.447057,4.754729,-0.917617,0.397467,36.0,12.0,4.0,0.61006,1633528371.0,366985310.0,37.845036,-122.46038,15.290126,0.783011,-0.622008,60.0,38.0,10.0,0.494125,1633528371.0,368052630.0,37.822743,-122.457346,10.245807,0.937218,0.348744,60.0,42.0,10.0,0.486101,1633528371.0,368071540.0,37.82039,-122.469521,9.365457,0.860565,-0.509341,36.0,17.0,8.0,0.489376,240.0,7.995,10.0
1633528372.0,338246396.0,37.850048,-122.447083,4.769636,-0.918832,0.394649,36.0,12.0,4.0,0.607706,1633528372.0,366985310.0,37.844992,-122.46031,15.275991,0.78346,-0.621443,60.0,38.0,10.0,0.491383,1633528372.0,368052630.0,37.82276,-122.45729,10.240931,0.93718,0.348847,60.0,42.0,10.0,0.483507,1633528372.0,368071540.0,37.820368,-122.469474,9.364565,0.860239,-0.509892,36.0,17.0,8.0,0.486456,240.0,7.995555555555556,10.0
1633528373.0,338246396.0,37.850057,-122.447108,4.785082,-0.920058,0.391782,36.0,12.0,4.0,0.605344,1633528373.0,366985310.0,37.844948,-122.46024,15.261956,0.783883,-0.620908,60.0,38.0,10.0,0.488644,1633528373.0,368052630.0,37.822777,-122.457234,10.236053,0.937141,0.348952,60.0,42.0,10.0,0.480914,1633528373.0,368071540.0,37.820346,-122.469427,9.36371,0.859916,-0.510435,36.0,17.0,8.0,0.483537,240.0,7.996111111111111,10.0
1633528374.0,338246396.0,37.850066,-122.447134,4.801069,-0.921295,0.388865,36.0,12.0,4.0,0.602972,1633528374.0,366985310.0,37.844904,-122.460169,15.248022,0.784281,-0.620406,60.0,38.0,10.0,0.485908,1633528374.0,368052630.0,37.822793,-122.457178,10.231192,0.937102,0.349056,60.0,42.0,10.0,0.478322,1633528374.0,368071540.0,37.820324,-122.46938,9.362891,0.859598,-0.510971,36.0,17.0,8.0,0.480619,240.0,7.996666666666666,10.0
1633528375.0,338246396.0,37.850074,-122.44716,4.817601,-0.92254,0.385901,36.0,12.0,4.0,0.600591,1633528375.0,366985310.0,37.84486,-122.460099,15.234187,0.784653,-0.619935,60.0,38.0,10.0,0.483175,1633528375.0,368052630.0,37.82281,-122.457121,10.226346,0.937063,0.34916,60.0,42.0,10.0,0.475732,1633528375.0,368071540.0,37.820302,-122.469333,9.362109,0.859284,-0.511499,36.0,17.0,8.0,0.477702,240.0,7.997222222222222,10.0
1633528376.0,338246396.0,37.850083,-122.447186,4.834679,-0.923794,0.38289,36.0,12.0,4.0,0.5982,1633528376.0,366985310.0,37.844817,-122.460029,15.220449,0.785,-0.619496,60.0,38.0,10.0,0.480445,1633528376.0,368052630.0,37.822826,-122.457065,10.221516,0.937025,0.349263,60.0,42.0,10.0,0.473143,1633528376.0,368071540.0,37.82028,-122.469285,9.361363,0.858973,-0.51202,36.0,17.0,8.0,0.474786,240.0,7.997777777777777,10.0
1633528377.0,338246396.0,37.850091,-122.447212,4.852306,-0.925055,0.379834,36.0,12.0,4.0,0.595799,1633528377.0,366985310.0,37.844773,-122.459959,15.206808,0.78532,-0.61909,60.0,38.0,10.0,0.477718,1633528377.0,368052630.0,37.822843,-122.457009,10.216702,0.936986,0.349366,60.0,42.0,10.0,0.470556,1633528377.0,368071540.0,37.820257,-122.469238,9.360653,0.858667,-0.512534,36.0,17.0,8.0,0.471871,240.0,7.998333333333333,10.0
1633528378.0,338246396.0,37.8501,-122.447239,4.870486,-0.926321,0.376735,36.0,12.0,4.0,0.593387,1633528378.0,366985310.0,37.84473,-122.459889,15.193262,0.785615,-0.618715,60.0,38.0,10.0,0.474993,1633528378.0,368052630.0,37.822859,-122.456953,10.211903,0.936948,0.349468,60.0,42.0,10.0,0.467969,1633528378.0,368071540.0,37.820235,-122.469191,9.359979,0.858364,-0.51304,36.0,17.0,8.0,0.468957,240.0,7.998888888888889,10.0
1633528379.0,338246396.0,37.850108,-122.447265,4.88922,-0.927593,0.373592,36.0,12.0,4.0,0.590965,1633528379.0,366985310.0,37.844686,-122.459819,15.179811,0.785885,-0.618373,60.0,38.0,10.0,0.472272,1633528379.0,368052630.0,37.822876,-122.456897,10.207121,0.93691,0.34957,60.0,42.0,10.0,0.465384,1633528379.0,368071540.0,37.820213,-122.469144,9.35934,0.858066,-0.513539,36.0,17.0,8.0,0.466043,240.0,7.999444444444444,10.0
1633528380.0,338246396.0,37.850117,-122.447292,4.908512,-0.928869,0.370409,36.0,12.0,4.0,0.588532,1633528380.0,366985310.0,37.844643,-122.45975,15.166454,0.786128,-0.618063,60.0,38.0,10.0,0.469553,1633528380.0,368052630.0,37.822892,-122.456841,10.202354,0.936872,0.349672,60.0,42.0,10.0,0.4628,1633528380.0,368071540.0,37.820191,-122.469097,9.358737,0.857772,-0.514031,36.0,17.0,8.0,0.463131,240.0,8.0,10.0
1633528381.0,338246396.0,37.850125,-122.447318,4.928364,-0.930148,0.367186,36.0,12.0,4.0,0.586088,1633528381.0,366985310.0,37.844599,-122.45968,15.15319,0.786346,-0.617786,60.0,38.0,10.0,0.466838,1633528381.0,368052630.0,37.822909,-122.456785,10.197603,0.936834,0.349773,60.0,42.0,10.0,0.460218,1633528381.0,368071540.0,37.820169,-122.46905,9.35817,0.857481,-0.514515,36.0,17.0,8.0,0.46022,240.00277777777777,8.000277777777777,10.0
1633528382.0,338246396.0,37.850134,-122.447345,4.948778,-0.931429,0.363924,36.0,12.0,4.0,0.583632,1633528382.0,366985310.0,37.844556,-122.45961,15.140019,0.786538,-0.617542,60.0,38.0,10.0,0.464125,1633528382.0,368052630.0,37.822925,-122.456729,10.192868,0.936797,0.349874,60.0,42.0,10.0,0.457636,1633528382.0,368071540.0,37.820146,-122.469003,9.357638,0.857195,-0.514992,36.0,17.0,8.0,0.45731,240.0055555555556,8.000555555555556,10.0
1633528383.0,338246396.0,37.850142,-122.447372,4.969758,-0.932711,0.360625,36.0,12.0,4.0,0.581164,1633528383.0,366985310.0,37.844513,-122.45954,15.126939,0.786704,-0.617331,60.0,38.0,10.0,0.461415,1633528383.0,368052630.0,37.822942,-122.456673,10.188149,0.936759,0.349974,60.0,42.0,10.0,0.455056,1633528383.0,368071540.0,37.820124,-122.468956,9.357141,0.856912,-0.515462,36.0,17.0,8.0,0.454401,240.00833333333333,8.000833333333333,10.0
1633528384.0,338246396.0,37.85015,-122.447399,4.991306,-0.933993,0.357291,36.0,12.0,4.0,0.578684,1633528384.0,366985310.0,37.844469,-122.45947,15.113951,0.786844,-0.617152,60.0,38.0,10.0,0.458708,1633528384.0,368052630.0,37.822958,-122.456617,10.183446,0.936722,0.350074,60.0,42.0,10.0,0.452477,1633528384.0,368071540.0,37.820102,-122.468909,9.35668,0.856634,-0.515924,36.0,17.0,8.0,0.451492,240.01111111111112,8.001111111111111,10.0
1633528385.0,338246396.0,37.850159,-122.447427,5.013424,-0.935275,0.353923,36.0,12.0,4.0,0.576192,1633528385.0,366985310.0,37.844426,-122.459401,15.101053,0.786958,-0.617007,60.0,38.0,10.0,0.456004,1633528385.0,368052630.0,37.822975,-122.456561,10.178759,0.936685,0.350174,60.0,42.0,10.0,0.4499,1633528385.0,368071540.0,37.820079,-122.468862,9.356253,0.85636,-0.516379,36.0,17.0,8.0,0.448585,240.01388888888889,8.001388888888888,10.0
1633528386.0,338246396.0,37.850167,-122.447454,5.036115,-0.936555,0.350522,36.0,12.0,4.0,0.573687,1633528386.0,366985310.0,37.844383,-122.459331,15.088246,0.787046,-0.616894,60.0,38.0,10.0,0.453303,1633528386.0,368052630.0,37.822991,-122.456506,10.174087,0.936648,0.350273,60.0,42.0,10.0,0.447323,1633528386.0,368071540.0,37.820057,-122.468815,9.355861,0.85609,-0.516827,36.0,17.0,8.0,0.445679,240.01666666666668,8.001666666666667,10.0
1633528387.0,338246396.0,37.850175,-122.447482,5.059382,-0.937832,0.347089,36.0,12.0,4.0,0.57117,1633528387.0,366985310.0,37.84434,-122.459262,15.07553,0.787108,-0.616815,60.0,38.0,10.0,0.450605,1633528387.0,368052630.0,37.823008,-122.45645,10.169431,0.936611,0.350371,60.0,42.0,10.0,0.444748,1633528387.0,368071540.0,37.820035,-122.468768,9.355504,0.855824,-0.517267,36.0,17.0,8.0,0.442773,240.01944444444445,8.001944444444444,10.0
1633528388.0,338246396.0,37.850183,-122.44751,5.083226,-0.939106,0.343626,36.0,12.0,4.0,0.568639,1633528388.0,366985310.0,37.844297,-122.459192,15.062903,0.787144,-0.616769,60.0,38.0,10.0,0.44791,1633528388.0,368052630.0,37.823024,-122.456394,10.164791,0.936574,0.35047,60.0,42.0,10.0,0.442174,1633528388.0,368071540.0,37.820012,-122.468722,9.355181,0.855562,-0.5177,36.0,17.0,8.0,0.439868,240.0222222222222,8.002222222222223,10.0
1633528389.0,338246396.0,37.850191,-122.447538,5.107651,-0.940376,0.340135,36.0,12.0,4.0,0.566094,1633528389.0,366985310.0,37.844254,-122.459123,15.050367,0.787153,-0.616757,60.0,38.0,10.0,0.445218,1633528389.0,368052630.0,37.823041,-122.456338,10.160167,0.936537,0.350567,60.0,42.0,10.0,0.439601,1633528389.0,368071540.0,37.81999,-122.468675,9.354893,0.855304,-0.518126,36.0,17.0,8.0,0.436964,240.025,8.0025,10.0
1633528390.0,338246396.0,37.850199,-122.447566,5.132659,-0.941642,0.336617,36.0,12.0,4.0,0.563536,1633528390.0,366985310.0,37.844211,-122.459053,15.03792,0.787137,-0.616778,60.0,38.0,10.0,0.442528,1633528390.0,368052630.0,37.823057,-122.456283,10.155559,0.936501,0.350665,60.0,42.0,10.0,0.43703,1633528390.0,368071540.0,37.819967,-122.468628,9.354639,0.855051,-0.518544,36.0,17.0,8.0,0.434061,240.02777777777777,8.002777777777778,10.0
1633528391.0,338246396.0,37.850207,-122.447594,5.158252,-0.942901,0.333073,36.0,12.0,4.0,0.560963,1633528391.0,366985310.0,37.844168,-122.458984,15.025564,0.787094,-0.616833,60.0,38.0,10.0,0.439842,1633528391.0,368052630.0,37.823074,-122.456227,10.150967,0.936465,0.350762,60.0,42.0,10.0,0.43446,1633528391.0,368071540.0,37.819945,-122.468581,9.35442,0.854802,-0.518955,36.0,17.0,8.0,0.431159,240.0305555555556,8.003055555555555,10.0
1633528392.0,338246396.0,37.850215,-122.447622,5.184432,-0.944154,0.329506,36.0,12.0,4.0,0.558377,1633528392.0,366985310.0,37.844125,-122.458915,15.013297,0.787025,-0.616922,60.0,38.0,10.0,0.437158,1633528392.0,368052630.0,37.82309,-122.456171,10.14639,0.936429,0.350858,60.0,42.0,10.0,0.43189,1633528392.0,368071540.0,37.819922,-122.468534,9.354235,0.854557,-0.519358,36.0,17.0,8.0,0.428258,240.03333333333333,8.003333333333334,10.0
1633528393.0,338246396.0,37.850223,-122.447651,5.211202,-0.945399,0.325915,36.0,12.0,4.0,0.555775,1633528393.0,366985310.0,37.844083,-122.458845,15.001121,0.786929,-0.617044,60.0,38.0,10.0,0.434478,1633528393.0,368052630.0,37.823106,-122.456116,10.141829,0.936393,0.350954,60.0,42.0,10.0,0.429323,1633528393.0,368071540.0,37.8199,-122.468487,9.354083,0.854316,-0.519755,36.0,17.0,8.0,0.425358,240.0361111111111,8.00361111111111,10.0
1633528394.0,338246396.0,37.850231,-122.44768,5.238564,-0.946637,0.322303,36.0,12.0,4.0,0.553159,1633528394.0,366985310.0,37.84404,-122.458776,14.989036,0.786806,-0.6172,60.0,38.0,10.0,0.4318,1633528394.0,368052630.0,37.823123,-122.45606,10.137284,0.936357,0.35105,60.0,42.0,10.0,0.426756,1633528394.0,368071540.0,37.819877,-122.468441,9.353966,0.854079,-0.520144,36.0,17.0,8.0,0.422458,240.0388888888889,8.00388888888889,10.0
1633528395.0,338246396.0,37.850239,-122.447709,5.266521,-0.947865,0.318671,36.0,12.0,4.0,0.550527,1633528395.0,366985310.0,37.843997,-122.458707,14.977041,0.786657,-0.61739,60.0,38.0,10.0,0.429125,1633528395.0,368052630.0,37.823139,-122.456004,10.132755,0.936321,0.351145,60.0,42.0,10.0,0.42419,1633528395.0,368071540.0,37.819855,-122.468394,9.353882,0.853846,-0.520525,36.0,17.0,8.0,0.41956,240.04166666666663,8.004166666666666,10.0
1633528396.0,338246396.0,37.850247,-122.447738,5.295074,-0.949085,0.31502,36.0,12.0,4.0,0.54788,1633528396.0,366985310.0,37.843954,-122.458638,14.965138,0.786481,-0.617614,60.0,38.0,10.0,0.426453,1633528396.0,368052630.0,37.823156,-122.455949,10.128242,0.936285,0.35124,60.0,42.0,10.0,0.421626,1633528396.0,368071540.0,37.819832,-122.468347,9.353832,0.853618,-0.520899,36.0,17.0,8.0,0.416662,240.04444444444445,8.004444444444445,10.0
1633528397.0,338246396.0,37.850254,-122.447768,5.324225,-0.950294,0.311353,36.0,12.0,4.0,0.545217,1633528397.0,366985310.0,37.843911,-122.458569,14.953327,0.786279,-0.617872,60.0,38.0,10.0,0.423784,1633528397.0,368052630.0,37.823172,-122.455893,10.123745,0.93625,0.351334,60.0,42.0,10.0,0.419063,1633528397.0,368071540.0,37.81981,-122.4683,9.353816,0.853394,-0.521266,36.0,17.0,8.0,0.413765,240.04722222222225,8.004722222222222,10.0
1633528398.0,338246396.0,37.850262,-122.447797,5.353977,-0.951493,0.307669,36.0,12.0,4.0,0.542538,1633528398.0,366985310.0,37.843869,-122.4585,14.941609,0.786049,-0.618164,60.0,38.0,10.0,0.421118,1633528398.0,368052630.0,37.823189,-122.455838,10.119263,0.936215,0.351428,60.0,42.0,10.0,0.416501,1633528398.0,368071540.0,37.819787,-122.468253,9.353833,0.853174,-0.521626,36.0,17.0,8.0,0.410869,240.05,8.005,10.0
1633528399.0,338246396.0,37.85027,-122.447827,5.384331,-0.952681,0.303971,36.0,12.0,4.0,0.539842,1633528399.0,366985310.0,37.843826,-122.458431,14.929984,0.785793,-0.61849,60.0,38.0,10.0,0.418454,1633528399.0,368052630.0,37.823205,-122.455782,10.114797,0.93618,0.351522,60.0,42.0,10.0,0.41394,1633528399.0,368071540.0,37.819765,-122.468207,9.353883,0.852959,-0.521978,36.0,17.0,8.0,0.407974,240.05277777777772,8.005277777777778,10.0
1633528400.0,338246396.0,37.850277,-122.447857,5.41529,-0.953857,0.300261,36.0,12.0,4.0,0.53713,1633528400.0,366985310.0,37.843783,-122.458363,14.918453,0.785509,-0.61885,60.0,38.0,10.0,0.415794,1633528400.0,368052630.0,37.823222,-122.455727,10.110347,0.936145,0.351615,60.0,42.0,10.0,0.41138,1633528400.0,368071540.0,37.819742,-122.46816,9.353967,0.852748,-0.522323,36.0,17.0,8.0,0.405079,240.0555555555556,8.005555555555556,10.0
1633528401.0,338246396.0,37.850285,-122.447888,5.446855,-0.955021,0.296538,36.0,12.0,4.0,0.534401,1633528401.0,366985310.0,37.84374,-122.458294,14.907018,0.785198,-0.619244,60.0,38.0,10.0,0.413136,1633528401.0,368052630.0,37.823238,-122.455671,10.105913,0.93611,0.351708,60.0,42.0,10.0,0.408822,1633528401.0,368071540.0,37.81972,-122.468113,9.354084,0.852541,-0.522661,36.0,17.0,8.0,0.402186,240.0583333333333,8.005833333333333,10.0
1633528402.0,338246396.0,37.850292,-122.447918,5.479029,-0.956172,0.292806,36.0,12.0,4.0,0.531655,1633528402.0,366985310.0,37.843698,-122.458225,14.895678,0.78486,-0.619673,60.0,38.0,10.0,0.410481,1633528402.0,368052630.0,37.823255,-122.455616,10.101495,0.936075,0.3518,60.0,42.0,10.0,0.406265,1633528402.0,368071540.0,37.819697,-122.468067,9.354234,0.852338,-0.522991,36.0,17.0,8.0,0.399293,240.0611111111111,8.00611111111111,10.0
1633528403.0,338246396.0,37.8503,-122.447949,5.511813,-0.95731,0.289064,36.0,12.0,4.0,0.528891,1633528403.0,366985310.0,37.843655,-122.458157,14.884436,0.784495,-0.620136,60.0,38.0,10.0,0.407829,1633528403.0,368052630.0,37.823271,-122.45556,10.097092,0.936041,0.351891,60.0,42.0,10.0,0.403708,1633528403.0,368071540.0,37.819674,-122.46802,9.354417,0.85214,-0.523314,36.0,17.0,8.0,0.396401,240.0638888888889,8.006388888888889,10.0
1633528404.0,338246396.0,37.850307,-122.44798,5.545209,-0.958434,0.285315,36.0,12.0,4.0,0.526109,1633528404.0,366985310.0,37.843612,-122.458089,14.873292,0.784102,-0.620633,60.0,38.0,10.0,0.40518,1633528404.0,368052630.0,37.823287,-122.455505,10.092706,0.936006,0.351983,60.0,42.0,10.0,0.401153,1633528404.0,368071540.0,37.819652,-122.467973,9.354633,0.851946,-0.523629,36.0,17.0,8.0,0.393509,240.06666666666663,8.006666666666666,10.0
1633528405.0,338246396.0,37.850314,-122.448011,5.579218,-0.959544,0.281559,36.0,12.0,4.0,0.52331,1633528405.0,366985310.0,37.84357,-122.45802,14.862247,0.783681,-0.621164,60.0,38.0,10.0,0.402534,1633528405.0,368052630.0,37.823304,-122.45545,10.088335,0.935972,0.352074,60.0,42.0,10.0,0.3986,1633528405.0,368071540.0,37.819629,-122.467926,9.354882,0.851757,-0.523938,36.0,17.0,8.0,0.390619,240.06944444444449,8.006944444444445,10.0
1633528406.0,338246396.0,37.850321,-122.448042,5.613843,-0.960639,0.277798,36.0,12.0,4.0,0.520492,1633528406.0,366985310.0,37.843527,-122.457952,14.851303,0.783232,-0.621729,60.0,38.0,10.0,0.399891,1633528406.0,368052630.0,37.82332,-122.455394,10.08398,0.935938,0.352164,60.0,42.0,10.0,0.396047,1633528406.0,368071540.0,37.819606,-122.46788,9.355163,0.851571,-0.524239,36.0,17.0,8.0,0.387729,240.07222222222225,8.007222222222222,10.0
1633528407.0,338246396.0,37.850329,-122.448074,5.649084,-0.96172,0.274034,36.0,12.0,4.0,0.517655,1633528407.0,366985310.0,37.843484,-122.457884,14.840462,0.782756,-0.622329,60.0,38.0,10.0,0.39725,1633528407.0,368052630.0,37.823337,-122.455339,10.079641,0.935904,0.352254,60.0,42.0,10.0,0.393495,1633528407.0,368071540.0,37.819584,-122.467833,9.355478,0.85139,-0.524532,36.0,17.0,8.0,0.384841,240.075,8.0075,10.0
1633528408.0,338246396.0,37.850336,-122.448106,5.684944,-0.962786,0.270266,36.0,12.0,4.0,0.514799,1633528408.0,366985310.0,37.843441,-122.457816,14.829724,0.782251,-0.622963,60.0,38.0,10.0,0.394612,1633528408.0,368052630.0,37.823353,-122.455284,10.075317,0.935871,0.352344,60.0,42.0,10.0,0.390945,1633528408.0,368071540.0,37.819561,-122.467787,9.355824,0.851214,-0.524819,36.0,17.0,8.0,0.381952,240.07777777777773,8.007777777777777,10.0
1633528409.0,338246396.0,37.850343,-122.448138,5.721424,-0.963836,0.266498,36.0,12.0,4.0,0.511924,1633528409.0,366985310.0,37.843399,-122.457748,14.819091,0.781719,-0.623631,60.0,38.0,10.0,0.391977,1633528409.0,368052630.0,37.82337,-122.455229,10.071009,0.935837,0.352433,60.0,42.0,10.0,0.388396,1633528409.0,368071540.0,37.819538,-122.46774,9.356204,0.851042,-0.525098,36.0,17.0,8.0,0.379065,240.08055555555555,8.008055555555556,10.0
1633528410.0,338246396.0,37.85035,-122.44817,5.758332,-0.964863,0.262754,36.0,12.0,4.0,0.50903,1633528410.0,366985310.0,37.843356,-122.45768,14.808566,0.781158,-0.624334,60.0,38.0,10.0,0.389345,1633528410.0,368052630.0,37.823386,-122.455174,10.066718,0.935804,0.352521,60.0,42.0,10.0,0.385848,1633528410.0,368071540.0,37.819515,-122.467693,9.356615,0.850874,-0.52537,36.0,17.0,8.0,0.376179,240.0833333333333,8.008333333333333,10.0
1633528411.0,338246396.0,37.850357,-122.448203,5.79489,-0.965841,0.259134,36.0,12.0,4.0,0.506115,1633528411.0,366985310.0,37.843313,-122.457612,14.798149,0.780568,-0.625071,60.0,38.0,10.0,0.386715,1633528411.0,368052630.0,37.823402,-122.455118,10.062442,0.935771,0.352609,60.0,42.0,10.0,0.383301,1633528411.0,368071540.0,37.819493,-122.467647,9.357059,0.850711,-0.525634,36.0,17.0,8.0,0.373293,240.0861111111111,8.008611111111112,10.0
1633528412.0,338246396.0,37.850364,-122.448235,5.830897,-0.966767,0.255659,36.0,12.0,4.0,0.503182,1633528412.0,366985310.0,37.84327,-122.457544,14.787842,0.77995,-0.625842,60.0,38.0,10.0,0.384089,1633528412.0,368052630.0,37.823419,-122.455063,10.058181,0.935738,0.352697,60.0,42.0,10.0,0.380755,1633528412.0,368071540.0,37.81947,-122.4676,9.357392,0.850557,-0.525883,36.0,17.0,8.0,0.370408,240.0888888888889,8.008888888888889,10.0
1633528413.0,338246396.0,37.850371,-122.448268,5.866344,-0.967642,0.252328,36.0,12.0,4.0,0.500229,1633528413.0,366985310.0,37.843228,-122.457477,14.777648,0.779303,-0.626647,60.0,38.0,10.0,0.381465,1633528413.0,368052630.0,37.823435,-122.455008,10.053937,0.935705,0.352784,60.0,42.0,10.0,0.37821,1633528413.0,368071540.0,37.819447,-122.467553,9.35704,0.850434,-0.526082,36.0,17.0,8.0,0.367524,240.09166666666667,8.009166666666667,10.0
1633528414.0,338246396.0,37.850378,-122.448302,5.901225,-0.968469,0.249136,36.0,12.0,4.0,0.497258,1633528414.0,366985310.0,37.843185,-122.457409,14.767569,0.778627,-0.627486,60.0,38.0,10.0,0.378844,1633528414.0,368052630.0,37.823452,-122.454953,10.049708,0.935672,0.352871,60.0,42.0,10.0,0.375666,1633528414.0,368071540.0,37.819424,-122.467507,9.35586,0.850347,-0.526223,36.0,17.0,8.0,0.364641,240.09444444444443,8.009444444444444,10.0
1633528415.0,338246396.0,37.850384,-122.448335,5.93553,-0.96925,0.24608,36.0,12.0,4.0,0.494268,1633528415.0,366985310.0,37.843142,-122.457342,14.757606,0.777923,-0.62836,60.0,38.0,10.0,0.376225,1633528415.0,368052630.0,37.823468,-122.454898,10.045495,0.935639,0.352958,60.0,42.0,10.0,0.373124,1633528415.0,368071540.0,37.819402,-122.46746,9.35385,0.850295,-0.526306,36.0,17.0,8.0,0.361759,240.09722222222223,8.009722222222223,10.0
1633528416.0,338246396.0,37.850391,-122.448369,5.969255,-0.969987,0.243157,36.0,12.0,4.0,0.49126,1633528416.0,366985310.0,37.843099,-122.457275,14.747762,0.777189,-0.629268,60.0,38.0,10.0,0.373609,1633528416.0,368052630.0,37.823484,-122.454843,10.041298,0.935607,0.353044,60.0,42.0,10.0,0.370582,1633528416.0,368071540.0,37.819379,-122.467414,9.351011,0.850279,-0.526332,36.0,17.0,8.0,0.358879,240.1,8.01,10.0
1633528417.0,338246396.0,37.850398,-122.448403,6.002391,-0.970683,0.240365,36.0,12.0,4.0,0.488235,1633528417.0,366985310.0,37.843056,-122.457208,14.738038,0.776425,-0.630209,60.0,38.0,10.0,0.370996,1633528417.0,368052630.0,37.823501,-122.454788,10.037117,0.935575,0.353129,60.0,42.0,10.0,0.368042,1633528417.0,368071540.0,37.819356,-122.467367,9.347344,0.8503,-0.526299,36.0,17.0,8.0,0.356,240.1027777777778,8.010277777777778,10.0
1633528418.0,338246396.0,37.850405,-122.448437,6.034934,-0.971338,0.237701,36.0,12.0,4.0,0.485192,1633528418.0,366985310.0,37.843013,-122.457141,14.728439,0.775633,-0.631185,60.0,38.0,10.0,0.368386,1633528418.0,368052630.0,37.823517,-122.454733,10.032952,0.935543,0.353214,60.0,42.0,10.0,0.365503,1633528418.0,368071540.0,37.819333,-122.46732,9.342847,0.850356,-0.526208,36.0,17.0,8.0,0.353123,240.10555555555555,8.010555555555555,10.0
1633528419.0,338246396.0,37.850411,-122.448471,6.066876,-0.971956,0.235161,36.0,12.0,4.0,0.482132,1633528419.0,366985310.0,37.84297,-122.457074,14.718965,0.77481,-0.632194,60.0,38.0,10.0,0.365778,1633528419.0,368052630.0,37.823534,-122.454678,10.028802,0.935511,0.353299,60.0,42.0,10.0,0.362965,1633528419.0,368071540.0,37.819311,-122.467274,9.337521,0.850448,-0.526059,36.0,17.0,8.0,0.350248,240.1083333333333,8.010833333333334,10.0
1633528420.0,338246396.0,37.850418,-122.448506,6.098213,-0.972538,0.232745,36.0,12.0,4.0,0.479056,1633528420.0,366985310.0,37.842927,-122.457007,14.70962,0.773958,-0.633237,60.0,38.0,10.0,0.363173,1633528420.0,368052630.0,37.82355,-122.454623,10.024668,0.935479,0.353383,60.0,42.0,10.0,0.360428,1633528420.0,368071540.0,37.819288,-122.467227,9.331366,0.850576,-0.525851,36.0,17.0,8.0,0.347375,240.11111111111111,8.011111111111111,10.0
1633528421.0,338246396.0,37.850424,-122.448541,6.12894,-0.973084,0.230449,36.0,12.0,4.0,0.475963,1633528421.0,366985310.0,37.842884,-122.45694,14.700405,0.773075,-0.634315,60.0,38.0,10.0,0.360571,1633528421.0,368052630.0,37.823566,-122.454568,10.02055,0.935447,0.353466,60.0,42.0,10.0,0.357892,1633528421.0,368071540.0,37.819265,-122.467181,9.324384,0.850741,-0.525585,36.0,17.0,8.0,0.344505,240.11388888888888,8.011388888888888,10.0
1633528422.0,338246396.0,37.850431,-122.448575,6.159051,-0.973598,0.22827,36.0,12.0,4.0,0.472854,1633528422.0,366985310.0,37.842841,-122.456874,14.691325,0.772162,-0.635425,60.0,38.0,10.0,0.357971,1633528422.0,368052630.0,37.823583,-122.454513,10.016448,0.935416,0.35355,60.0,42.0,10.0,0.355357,1633528422.0,368071540.0,37.819243,-122.467135,9.316574,0.850941,-0.525261,36.0,17.0,8.0,0.341637,240.11666666666667,8.011666666666667,10.0
1633528423.0,338246396.0,37.850437,-122.448611,6.188542,-0.974079,0.226208,36.0,12.0,4.0,0.46973,1633528423.0,366985310.0,37.842798,-122.456807,14.682381,0.771219,-0.63657,60.0,38.0,10.0,0.355374,1633528423.0,368052630.0,37.823599,-122.454458,10.012361,0.935385,0.353632,60.0,42.0,10.0,0.352823,1633528423.0,368071540.0,37.81922,-122.467088,9.307937,0.851178,-0.524877,36.0,17.0,8.0,0.338772,240.11944444444444,8.011944444444444,10.0
1633528424.0,338246396.0,37.850444,-122.448646,6.217409,-0.97453,0.224259,36.0,12.0,4.0,0.46659,1633528424.0,366985310.0,37.842754,-122.456741,14.673576,0.770246,-0.637747,60.0,38.0,10.0,0.35278,1633528424.0,368052630.0,37.823616,-122.454403,10.00829,0.935353,0.353715,60.0,42.0,10.0,0.350291,1633528424.0,368071540.0,37.819197,-122.467042,9.298474,0.851451,-0.524434,36.0,17.0,8.0,0.33591,240.12222222222223,8.012222222222222,10.0
1633528425.0,338246396.0,37.85045,-122.448681,6.245648,-0.974951,0.222422,36.0,12.0,4.0,0.463436,1633528425.0,366985310.0,37.842711,-122.456675,14.664914,0.769241,-0.638959,60.0,38.0,10.0,0.350188,1633528425.0,368052630.0,37.823632,-122.454349,10.004235,0.935322,0.353796,60.0,42.0,10.0,0.347759,1633528425.0,368071540.0,37.819175,-122.466995,9.288187,0.851761,-0.523931,36.0,17.0,8.0,0.333052,240.125,8.0125,10.0
1633528426.0,338246396.0,37.850457,-122.448717,6.273255,-0.975343,0.220694,36.0,12.0,4.0,0.460267,1633528426.0,366985310.0,37.842668,-122.456609,14.656397,0.768206,-0.640203,60.0,38.0,10.0,0.347598,1633528426.0,368052630.0,37.823648,-122.454294,10.000196,0.935292,0.353878,60.0,42.0,10.0,0.345228,1633528426.0,368071540.0,37.819152,-122.466949,9.277076,0.852107,-0.523368,36.0,17.0,8.0,0.330197,240.12777777777777,8.012777777777778,10.0
1633528427.0,338246396.0,37.850463,-122.448753,6.300227,-0.975708,0.219074,36.0,12.0,4.0,0.457084,1633528427.0,366985310.0,37.842624,-122.456543,14.64803,0.767139,-0.641481,60.0,38.0,10.0,0.345012,1633528427.0,368052630.0,37.823665,-122.454239,9.996173,0.935261,0.353959,60.0,42.0,10.0,0.342699,1633528427.0,368071540.0,37.81913,-122.466903,9.265142,0.85249,-0.522744,36.0,17.0,8.0,0.327345,240.1305555555556,8.013055555555555,10.0
1633528428.0,338246396.0,37.85047,-122.448789,6.32656,-0.976047,0.217561,36.0,12.0,4.0,0.453887,1633528428.0,366985310.0,37.842581,-122.456477,14.639814,0.766041,-0.642791,60.0,38.0,10.0,0.342427,1633528428.0,368052630.0,37.823681,-122.454184,9.992165,0.935231,0.354039,60.0,42.0,10.0,0.340171,1633528428.0,368071540.0,37.819107,-122.466856,9.252387,0.852909,-0.522059,36.0,17.0,8.0,0.324497,240.13333333333333,8.013333333333334,10.0
1633528429.0,338246396.0,37.850476,-122.448825,6.352251,-0.97636,0.216151,36.0,12.0,4.0,0.450676,1633528429.0,366985310.0,37.842537,-122.456411,14.631753,0.764912,-0.644135,60.0,38.0,10.0,0.339846,1633528429.0,368052630.0,37.823697,-122.454129,9.988173,0.9352,0.354119,60.0,42.0,10.0,0.337643,1633528429.0,368071540.0,37.819085,-122.46681,9.238813,0.853366,-0.521313,36.0,17.0,8.0,0.321654,240.13611111111112,8.01361111111111,10.0
1633528430.0,338246396.0,37.850482,-122.448862,6.377298,-0.976648,0.214845,36.0,12.0,4.0,0.447452,1633528430.0,366985310.0,37.842494,-122.456345,14.623851,0.763751,-0.645511,60.0,38.0,10.0,0.337266,1633528430.0,368052630.0,37.823714,-122.454075,9.984197,0.93517,0.354199,60.0,42.0,10.0,0.335117,1633528430.0,368071540.0,37.819063,-122.466764,9.224421,0.853859,-0.520504,36.0,17.0,8.0,0.318814,240.13888888888889,8.01388888888889,10.0
1633528431.0,338246396.0,37.850489,-122.448898,6.401698,-0.976912,0.21364,36.0,12.0,4.0,0.444216,1633528431.0,366985310.0,37.84245,-122.45628,14.616084,0.762556,-0.646923,60.0,38.0,10.0,0.33469,1633528431.0,368052630.0,37.82373,-122.45402,9.980237,0.93514,0.354278,60.0,42.0,10.0,0.332592,1633528431.0,368071540.0,37.81904,-122.466718,9.209213,0.854389,-0.519633,36.0,17.0,8.0,0.315979,240.14166666666668,8.014166666666666,10.0
1633528432.0,338246396.0,37.850495,-122.448935,6.425449,-0.977154,0.212535,36.0,12.0,4.0,0.440967,1633528432.0,366985310.0,37.842406,-122.456215,14.608347,0.761317,-0.64838,60.0,38.0,10.0,0.332115,1633528432.0,368052630.0,37.823747,-122.453965,9.976292,0.935111,0.354356,60.0,42.0,10.0,0.330068,1633528432.0,368071540.0,37.819018,-122.466672,9.193191,0.854957,-0.518698,36.0,17.0,8.0,0.313148,240.14444444444445,8.014444444444445,10.0
1633528433.0,338246396.0,37.850501,-122.448971,6.448549,-0.977372,0.211528,36.0,12.0,4.0,0.437706,1633528433.0,366985310.0,37.842362,-122.45615,14.600617,0.760033,-0.649885,60.0,38.0,10.0,0.329543,1633528433.0,368052630.0,37.823763,-122.453911,9.972364,0.935081,0.354434,60.0,42.0,10.0,0.327544,1633528433.0,368071540.0,37.818996,-122.466626,9.176357,0.855562,-0.5177,36.0,17.0,8.0,0.310323,240.1472222222222,8.014722222222222,10.0
1633528434.0,338246396.0,37.850508,-122.449008,6.470995,-0.977568,0.210618,36.0,12.0,4.0,0.434434,1633528434.0,366985310.0,37.842319,-122.456085,14.5929,0.758702,-0.651438,60.0,38.0,10.0,0.326974,1633528434.0,368052630.0,37.823779,-122.453856,9.968451,0.935051,0.354512,60.0,42.0,10.0,0.325022,1633528434.0,368071540.0,37.818974,-122.46658,9.158714,0.856205,-0.516636,36.0,17.0,8.0,0.307502,240.15,8.015,10.0
1633528435.0,338246396.0,37.850514,-122.449045,6.492786,-0.977743,0.209805,36.0,12.0,4.0,0.43115,1633528435.0,366985310.0,37.842275,-122.45602,14.585202,0.757325,-0.653038,60.0,38.0,10.0,0.324407,1633528435.0,368052630.0,37.823796,-122.453802,9.964554,0.935022,0.354589,60.0,42.0,10.0,0.322501,1633528435.0,368071540.0,37.818952,-122.466534,9.140265,0.856886,-0.515507,36.0,17.0,8.0,0.304686,240.15277777777777,8.015277777777778,10.0
1633528436.0,338246396.0,37.85052,-122.449083,6.513921,-0.977897,0.209086,36.0,12.0,4.0,0.427855,1633528436.0,366985310.0,37.84223,-122.455955,14.57753,0.755901,-0.654686,60.0,38.0,10.0,0.321842,1633528436.0,368052630.0,37.823812,-122.453747,9.960672,0.934993,0.354666,60.0,42.0,10.0,0.319981,1633528436.0,368071540.0,37.818931,-122.466488,9.121011,0.857604,-0.514311,36.0,17.0,8.0,0.301876,240.1555555555556,8.015555555555556,10.0
1633528437.0,338246396.0,37.850527,-122.44912,6.534398,-0.978031,0.208461,36.0,12.0,4.0,0.424549,1633528437.0,366985310.0,37.842186,-122.45589,14.569888,0.75443,-0.656381,60.0,38.0,10.0,0.31928,1633528437.0,368052630.0,37.823828,-122.453692,9.956806,0.934964,0.354742,60.0,42.0,10.0,0.317462,1633528437.0,368071540.0,37.818909,-122.466442,9.100955,0.85836,-0.513048,36.0,17.0,8.0,0.299071,240.15833333333333,8.015833333333333,10.0
1633528438.0,338246396.0,37.850533,-122.449157,6.554215,-0.978144,0.207929,36.0,12.0,4.0,0.421233,1633528438.0,366985310.0,37.842142,-122.455826,14.562285,0.752911,-0.658123,60.0,38.0,10.0,0.316721,1633528438.0,368052630.0,37.823845,-122.453638,9.952957,0.934935,0.354818,60.0,42.0,10.0,0.314944,1633528438.0,368071540.0,37.818887,-122.466396,9.080102,0.859155,-0.511716,36.0,17.0,8.0,0.296272,240.1611111111111,8.016111111111112,10.0
1633528439.0,338246396.0,37.850539,-122.449195,6.573373,-0.978238,0.207488,36.0,12.0,4.0,0.417907,1633528439.0,366985310.0,37.842098,-122.455762,14.554726,0.751344,-0.659911,60.0,38.0,10.0,0.314164,1633528439.0,368052630.0,37.823861,-122.453583,9.949122,0.934907,0.354893,60.0,42.0,10.0,0.312427,1633528439.0,368071540.0,37.818866,-122.466351,9.058453,0.859988,-0.510315,36.0,17.0,8.0,0.293479,240.1638888888889,8.016388888888889,10.0
1633528440.0,338246396.0,37.850545,-122.449233,6.59187,-0.978312,0.207138,36.0,12.0,4.0,0.414571,1633528440.0,366985310.0,37.842053,-122.455698,14.547217,0.749728,-0.661746,60.0,38.0,10.0,0.311609,1633528440.0,368052630.0,37.823877,-122.453529,9.945304,0.934879,0.354968,60.0,42.0,10.0,0.309911,1633528440.0,368071540.0,37.818844,-122.466305,9.036012,0.860859,-0.508843,36.0,17.0,8.0,0.290692,240.16666666666663,8.016666666666667,10.0
1633528441.0,338246396.0,37.850552,-122.44927,6.609705,-0.978367,0.206878,36.0,12.0,4.0,0.411226,1633528441.0,366985310.0,37.842009,-122.455634,14.539768,0.748063,-0.663628,60.0,38.0,10.0,0.309057,1633528441.0,368052630.0,37.823894,-122.453474,9.941501,0.93485,0.355042,60.0,42.0,10.0,0.307396,1633528441.0,368071540.0,37.818823,-122.46626,9.012783,0.861769,-0.5073,36.0,17.0,8.0,0.287911,240.16944444444445,8.016944444444444,10.0
1633528442.0,338246396.0,37.850558,-122.449308,6.626878,-0.978403,0.206708,36.0,12.0,4.0,0.407872,1633528442.0,366985310.0,37.841964,-122.45557,14.532383,0.746349,-0.665555,60.0,38.0,10.0,0.306507,1633528442.0,368052630.0,37.82391,-122.45342,9.937709,0.934823,0.355113,60.0,42.0,10.0,0.304883,1633528442.0,368071540.0,37.818802,-122.466214,8.988769,0.862718,-0.505685,36.0,17.0,8.0,0.285137,240.17222222222225,8.017222222222221,10.0
1633528443.0,338246396.0,37.850564,-122.449346,6.643389,-0.97842,0.206626,36.0,12.0,4.0,0.40451,1633528443.0,366985310.0,37.841919,-122.455507,14.525071,0.744585,-0.667528,60.0,38.0,10.0,0.30396,1633528443.0,368052630.0,37.823926,-122.453366,9.933902,0.934802,0.35517,60.0,42.0,10.0,0.30237,1633528443.0,368071540.0,37.818781,-122.466169,8.963975,0.863707,-0.503995,36.0,17.0,8.0,0.282369,240.175,8.0175,10.0
1633528444.0,338246396.0,37.850571,-122.449384,6.659237,-0.978419,0.206631,36.0,12.0,4.0,0.401139,1633528444.0,366985310.0,37.841875,-122.455443,14.51784,0.742771,-0.669546,60.0,38.0,10.0,0.301415,1633528444.0,368052630.0,37.823943,-122.453311,9.930076,0.934786,0.355211,60.0,42.0,10.0,0.299858,1633528444.0,368071540.0,37.81876,-122.466123,8.938404,0.864734,-0.50223,36.0,17.0,8.0,0.279608,240.17777777777772,8.017777777777777,10.0
1633528445.0,338246396.0,37.850577,-122.449423,6.674423,-0.978399,0.206724,36.0,12.0,4.0,0.39776,1633528445.0,366985310.0,37.84183,-122.45538,14.510697,0.740906,-0.671609,60.0,38.0,10.0,0.298872,1633528445.0,368052630.0,37.823959,-122.453257,9.92623,0.934777,0.355234,60.0,42.0,10.0,0.297347,1633528445.0,368071540.0,37.818739,-122.466078,8.912061,0.865801,-0.500389,36.0,17.0,8.0,0.276854,240.1805555555556,8.018055555555556,10.0
1633528446.0,338246396.0,37.850584,-122.449461,6.688947,-0.978361,0.206903,36.0,12.0,4.0,0.394374,1633528446.0,366985310.0,37.841784,-122.455317,14.50365,0.73899,-0.673717,60.0,38.0,10.0,0.296332,1633528446.0,368052630.0,37.823975,-122.453202,9.922365,0.934775,0.355241,60.0,42.0,10.0,0.294837,1633528446.0,368071540.0,37.818719,-122.466033,8.884951,0.866907,-0.498469,36.0,17.0,8.0,0.274107,240.1833333333333,8.018333333333333,10.0
1633528447.0,338246396.0,37.85059,-122.449499,6.702808,-0.978305,0.207169,36.0,12.0,4.0,0.390981,1633528447.0,366985310.0,37.841739,-122.455254,14.496708,0.737022,-0.675869,60.0,38.0,10.0,0.293795,1633528447.0,368052630.0,37.823992,-122.453148,9.91848,0.934779,0.355231,60.0,42.0,10.0,0.292328,1633528447.0,368071540.0,37.818698,-122.465988,8.857078,0.868054,-0.49647,36.0,17.0,8.0,0.271368,240.1861111111111,8.018611111111111,10.0
1633528448.0,338246396.0,37.850596,-122.449538,6.716009,-0.978231,0.20752,36.0,12.0,4.0,0.38758,1633528448.0,366985310.0,37.841694,-122.455192,14.489878,0.735002,-0.678065,60.0,38.0,10.0,0.29126,1633528448.0,368052630.0,37.824008,-122.453094,9.914575,0.934789,0.355203,60.0,42.0,10.0,0.28982,1633528448.0,368071540.0,37.818678,-122.465943,8.828447,0.86924,-0.49439,36.0,17.0,8.0,0.268636,240.1888888888889,8.018888888888888,10.0
1633528449.0,338246396.0,37.850603,-122.449576,6.728548,-0.978138,0.207956,36.0,12.0,4.0,0.384174,1633528449.0,366985310.0,37.841648,-122.455129,14.48317,0.73293,-0.680304,60.0,38.0,10.0,0.288727,1633528449.0,368052630.0,37.824024,-122.45304,9.910651,0.934806,0.355159,60.0,42.0,10.0,0.287313,1633528449.0,368071540.0,37.818658,-122.465898,8.799064,0.870467,-0.492227,36.0,17.0,8.0,0.265911,240.19166666666663,8.019166666666667,10.0
1633528450.0,338246396.0,37.850609,-122.449615,6.740427,-0.978027,0.208477,36.0,12.0,4.0,0.380761,1633528450.0,366985310.0,37.841603,-122.455067,14.476592,0.730805,-0.682586,60.0,38.0,10.0,0.286197,1633528450.0,368052630.0,37.82404,-122.452985,9.906707,0.934829,0.355098,60.0,42.0,10.0,0.284807,1633528450.0,368071540.0,37.818638,-122.465853,8.768934,0.871733,-0.48998,36.0,17.0,8.0,0.263195,240.19444444444449,8.019444444444444,10.0
1633528451.0,338246396.0,37.850616,-122.449653,6.751647,-0.977898,0.209082,36.0,12.0,4.0,0.377342,1633528451.0,366985310.0,37.841557,-122.455005,14.470153,0.728626,-0.684912,60.0,38.0,10.0,0.283669,1633528451.0,368052630.0,37.824057,-122.452931,9.902744,0.934858,0.355021,60.0,42.0,10.0,0.282302,1633528451.0,368071540.0,37.818618,-122.465808,8.738064,0.873041,-0.487647,36.0,17.0,8.0,0.260486,240.19722222222225,8.019722222222223,10.0
1633528452.0,338246396.0,37.850622,-122.449692,6.762209,-0.97775,0.209772,36.0,12.0,4.0,0.373918,1633528452.0,366985310.0,37.841511,-122.454943,14.463862,0.726394,-0.687279,60.0,38.0,10.0,0.281143,1633528452.0,368052630.0,37.824073,-122.452877,9.898761,0.934894,0.354926,60.0,42.0,10.0,0.279799,1633528452.0,368071540.0,37.818598,-122.465763,8.706458,0.874389,-0.485226,36.0,17.0,8.0,0.257786,240.2,8.02,10.0
1633528453.0,338246396.0,37.850629,-122.449731,6.772115,-0.977584,0.210545,36.0,12.0,4.0,0.370489,1633528453.0,366985310.0,37.841465,-122.454882,14.457729,0.724106,-0.689688,60.0,38.0,10.0,0.27862,1633528453.0,368052630.0,37.824089,-122.452823,9.894758,0.934937,0.354814,60.0,42.0,10.0,0.277296,1633528453.0,368071540.0,37.818578,-122.465719,8.674123,0.875778,-0.482715,36.0,17.0,8.0,0.255093,240.20277777777773,8.020277777777778,10.0
1633528454.0,338246396.0,37.850635,-122.449769,6.781365,-0.977399,0.211403,36.0,12.0,4.0,0.367054,1633528454.0,366985310.0,37.841419,-122.45482,14.451763,0.721765,-0.692139,60.0,38.0,10.0,0.276099,1633528454.0,368052630.0,37.824106,-122.452768,9.890736,0.934986,0.354685,60.0,42.0,10.0,0.274794,1633528454.0,368071540.0,37.818559,-122.465674,8.641067,0.877207,-0.480112,36.0,17.0,8.0,0.25241,240.20555555555555,8.020555555555555,10.0
1633528455.0,338246396.0,37.850642,-122.449808,6.789961,-0.977195,0.212344,36.0,12.0,4.0,0.363616,1633528455.0,366985310.0,37.841373,-122.454759,14.445974,0.719367,-0.69463,60.0,38.0,10.0,0.27358,1633528455.0,368052630.0,37.824122,-122.452714,9.886695,0.935041,0.354539,60.0,42.0,10.0,0.272293,1633528455.0,368071540.0,37.81854,-122.46563,8.607295,0.878678,-0.477415,36.0,17.0,8.0,0.249734,240.2083333333333,8.020833333333334,10.0
1633528456.0,338246396.0,37.850649,-122.449847,6.797905,-0.976972,0.213368,36.0,12.0,4.0,0.360173,1633528456.0,366985310.0,37.841326,-122.454698,14.440372,0.716914,-0.697161,60.0,38.0,10.0,0.271064,1633528456.0,368052630.0,37.824138,-122.45266,9.882634,0.935103,0.354376,60.0,42.0,10.0,0.269793,1633528456.0,368071540.0,37.818521,-122.465586,8.572816,0.88019,-0.474621,36.0,17.0,8.0,0.247068,240.2111111111111,8.02111111111111,10.0
1633528457.0,338246396.0,37.850656,-122.449886,6.805198,-0.976729,0.214476,36.0,12.0,4.0,0.356727,1633528457.0,366985310.0,37.84128,-122.454638,14.434967,0.714405,-0.699732,60.0,38.0,10.0,0.26855,1633528457.0,368052630.0,37.824154,-122.452606,9.878555,0.935171,0.354196,60.0,42.0,10.0,0.267294,1633528457.0,368071540.0,37.818502,-122.465542,8.537636,0.881743,-0.471729,36.0,17.0,8.0,0.244411,240.2138888888889,8.02138888888889,10.0
1633528458.0,338246396.0,37.850662,-122.449925,6.811844,-0.976467,0.215668,36.0,12.0,4.0,0.353277,1633528458.0,366985310.0,37.841233,-122.454577,14.429769,0.711839,-0.702343,60.0,38.0,10.0,0.266038,1633528458.0,368052630.0,37.82417,-122.452552,9.874456,0.935246,0.353999,60.0,42.0,10.0,0.264796,1633528458.0,368071540.0,37.818483,-122.465497,8.501765,0.883338,-0.468737,36.0,17.0,8.0,0.241762,240.21666666666667,8.021666666666667,10.0
1633528459.0,338246396.0,37.850669,-122.449964,6.817843,-0.976184,0.216943,36.0,12.0,4.0,0.349824,1633528459.0,366985310.0,37.841186,-122.454517,14.424789,0.709216,-0.704992,60.0,38.0,10.0,0.263528,1633528459.0,368052630.0,37.824187,-122.452498,9.870338,0.935327,0.353785,60.0,42.0,10.0,0.262299,1633528459.0,368071540.0,37.818465,-122.465453,8.465209,0.884974,-0.465641,36.0,17.0,8.0,0.239123,240.21944444444443,8.021944444444445,10.0
1633528460.0,338246396.0,37.850676,-122.450003,6.823199,-0.975881,0.218301,36.0,12.0,4.0,0.346368,1633528460.0,366985310.0,37.841139,-122.454457,14.420038,0.706535,-0.707678,60.0,38.0,10.0,0.261021,1633528460.0,368052630.0,37.824203,-122.452444,9.866202,0.935414,0.353554,60.0,42.0,10.0,0.259803,1633528460.0,368071540.0,37.818447,-122.46541,8.427977,0.886651,-0.462439,36.0,17.0,8.0,0.236493,240.22222222222223,8.022222222222222,10.0
1633528461.0,338246396.0,37.850683,-122.450042,6.827913,-0.975558,0.219743,36.0,12.0,4.0,0.34291,1633528461.0,366985310.0,37.841092,-122.454398,14.415526,0.703796,-0.710403,60.0,38.0,10.0,0.258515,1633528461.0,368052630.0,37.824219,-122.45239,9.862047,0.935508,0.353305,60.0,42.0,10.0,0.257308,1633528461.0,368071540.0,37.818429,-122.465366,8.390079,0.88837,-0.459128,36.0,17.0,8.0,0.233873,240.225,8.0225,10.0
1633528462.0,338246396.0,37.85069,-122.450081,6.831989,-0.975213,0.221269,36.0,12.0,4.0,0.33945,1633528462.0,366985310.0,37.841045,-122.454338,14.411264,0.700998,-0.713163,60.0,38.0,10.0,0.256012,1633528462.0,368052630.0,37.824235,-122.452336,9.857873,0.935609,0.353039,60.0,42.0,10.0,0.254814,1633528462.0,368071540.0,37.818411,-122.465322,8.351524,0.89013,-0.455706,36.0,17.0,8.0,0.231262,240.2277777777778,8.022777777777778,10.0
1633528463.0,338246396.0,37.850697,-122.45012,6.835428,-0.974846,0.222879,36.0,12.0,4.0,0.335988,1633528463.0,366985310.0,37.840997,-122.454279,14.407265,0.698141,-0.71596,60.0,38.0,10.0,0.253511,1633528463.0,368052630.0,37.824251,-122.452282,9.853681,0.935715,0.352756,60.0,42.0,10.0,0.25232,1633528463.0,368071540.0,37.818393,-122.465279,8.312322,0.891932,-0.45217,36.0,17.0,8.0,0.228661,240.23055555555555,8.023055555555555,10.0
1633528464.0,338246396.0,37.850704,-122.450159,6.838235,-0.974457,0.224574,36.0,12.0,4.0,0.332524,1633528464.0,366985310.0,37.840949,-122.45422,14.403538,0.695225,-0.718792,60.0,38.0,10.0,0.251012,1633528464.0,368052630.0,37.824267,-122.452228,9.84947,0.935828,0.352456,60.0,42.0,10.0,0.249828,1633528464.0,368071540.0,37.818376,-122.465235,8.272483,0.893775,-0.448516,36.0,17.0,8.0,0.22607,240.2333333333333,8.023333333333333,10.0
1633528465.0,338246396.0,37.850711,-122.450198,6.840413,-0.974045,0.226352,36.0,12.0,4.0,0.32906,1633528465.0,366985310.0,37.840901,-122.454161,14.400097,0.692249,-0.721659,60.0,38.0,10.0,0.248515,1633528465.0,368052630.0,37.824283,-122.452174,9.845242,0.935948,0.352138,60.0,42.0,10.0,0.247337,1633528465.0,368071540.0,37.818359,-122.465192,8.232018,0.895659,-0.444742,36.0,17.0,8.0,0.223489,240.23611111111111,8.02361111111111,10.0
1633528466.0,338246396.0,37.850718,-122.450237,6.841964,-0.973611,0.228216,36.0,12.0,4.0,0.325594,1633528466.0,366985310.0,37.840853,-122.454103,14.396952,0.689212,-0.72456,60.0,38.0,10.0,0.24602,1633528466.0,368052630.0,37.824299,-122.45212,9.840996,0.936074,0.351803,60.0,42.0,10.0,0.244847,1633528466.0,368071540.0,37.818342,-122.465149,8.190937,0.897583,-0.440845,36.0,17.0,8.0,0.220918,240.23888888888888,8.023888888888889,10.0
1633528467.0,338246396.0,37.850725,-122.450276,6.842891,-0.973152,0.230165,36.0,12.0,4.0,0.322129,1633528467.0,366985310.0,37.840805,-122.454045,14.394116,0.686115,-0.727493,60.0,38.0,10.0,0.243526,1633528467.0,368052630.0,37.824315,-122.452066,9.836732,0.936206,0.351451,60.0,42.0,10.0,0.242358,1633528467.0,368071540.0,37.818325,-122.465106,8.149253,0.899549,-0.43682,36.0,17.0,8.0,0.218357,240.24166666666667,8.024166666666666,10.0
1633528468.0,338246396.0,37.850733,-122.450315,6.8432,-0.972668,0.232199,36.0,12.0,4.0,0.318663,1633528468.0,366985310.0,37.840757,-122.453987,14.3916,0.682956,-0.730459,60.0,38.0,10.0,0.241035,1633528468.0,368052630.0,37.824331,-122.452012,9.83245,0.936345,0.351081,60.0,42.0,10.0,0.239869,1633528468.0,368071540.0,37.818309,-122.465063,8.106977,0.901555,-0.432665,36.0,17.0,8.0,0.215807,240.24444444444444,8.024444444444445,10.0
1633528469.0,338246396.0,37.85074,-122.450354,6.842893,-0.97216,0.234319,36.0,12.0,4.0,0.315197,1633528469.0,366985310.0,37.840708,-122.453929,14.389418,0.679736,-0.733457,60.0,38.0,10.0,0.238546,1633528469.0,368052630.0,37.824347,-122.451958,9.828152,0.93649,0.350694,60.0,42.0,10.0,0.237382,1633528469.0,368071540.0,37.818292,-122.46502,8.064123,0.903601,-0.428376,36.0,17.0,8.0,0.213268,240.24722222222223,8.024722222222222,10.0
1633528470.0,338246396.0,37.850747,-122.450393,6.841975,-0.971625,0.236525,36.0,12.0,4.0,0.311733,1633528470.0,366985310.0,37.840659,-122.453872,14.387581,0.676454,-0.736485,60.0,38.0,10.0,0.236058,1633528470.0,368052630.0,37.824363,-122.451904,9.823836,0.936642,0.350289,60.0,42.0,10.0,0.234896,1633528470.0,368071540.0,37.818276,-122.464977,8.020704,0.905686,-0.423948,36.0,17.0,8.0,0.210739,240.25,8.025,10.0
1633528471.0,338246396.0,37.850755,-122.450432,6.840449,-0.971064,0.238818,36.0,12.0,4.0,0.308268,1633528471.0,366985310.0,37.84061,-122.453815,14.386102,0.673109,-0.739543,60.0,38.0,10.0,0.233572,1633528471.0,368052630.0,37.824379,-122.45185,9.819504,0.936799,0.349867,60.0,42.0,10.0,0.23241,1633528471.0,368071540.0,37.818261,-122.464935,7.976732,0.907811,-0.419379,36.0,17.0,8.0,0.208221,240.25277777777777,8.025277777777777,10.0
1633528472.0,338246396.0,37.850762,-122.450471,6.838321,-0.970476,0.241199,36.0,12.0,4.0,0.304806,1633528472.0,366985310.0,37.840561,-122.453758,14.384995,0.669702,-0.74263,60.0,38.0,10.0,0.231088,1633528472.0,368052630.0,37.824395,-122.451796,9.815155,0.936963,0.349427,60.0,42.0,10.0,0.229926,1633528472.0,368071540.0,37.818245,-122.464892,7.932224,0.909975,-0.414664,36.0,17.0,8.0,0.205713,240.2555555555556,8.025555555555556,10.0
1633528473.0,338246396.0,37.85077,-122.45051,6.835667,-0.969864,0.243648,36.0,12.0,4.0,0.301344,1633528473.0,366985310.0,37.840512,-122.453702,14.384271,0.666231,-0.745745,60.0,38.0,10.0,0.228606,1633528473.0,368052630.0,37.824411,-122.451742,9.810789,0.937134,0.34897,60.0,42.0,10.0,0.227442,1633528473.0,368071540.0,37.81823,-122.46485,7.887399,0.912166,-0.409821,36.0,17.0,8.0,0.203217,240.25833333333333,8.025833333333333,10.0
1633528474.0,338246396.0,37.850778,-122.450549,6.832784,-0.969248,0.246086,36.0,12.0,4.0,0.297885,1633528474.0,366985310.0,37.840462,-122.453646,14.383945,0.662697,-0.748887,60.0,38.0,10.0,0.226126,1633528474.0,368052630.0,37.824427,-122.451688,9.806408,0.93731,0.348495,60.0,42.0,10.0,0.22496,1633528474.0,368071540.0,37.818215,-122.464808,7.843087,0.914345,-0.404936,36.0,17.0,8.0,0.200732,240.26111111111112,8.026111111111112,10.0
1633528475.0,338246396.0,37.850785,-122.450588,6.829742,-0.968633,0.248495,36.0,12.0,4.0,0.294428,1633528475.0,366985310.0,37.840412,-122.45359,14.384029,0.6591,-0.752055,60.0,38.0,10.0,0.223646,1633528475.0,368052630.0,37.824442,-122.451635,9.802011,0.937493,0.348003,60.0,42.0,10.0,0.222478,1633528475.0,368071540.0,37.8182,-122.464766,7.799493,0.916501,-0.400032,36.0,17.0,8.0,0.198258,240.26388888888889,8.026388888888889,10.0
1633528476.0,338246396.0,37.850793,-122.450626,6.82654,-0.96802,0.250873,36.0,12.0,4.0,0.290972,1633528476.0,366985310.0,37.840362,-122.453534,14.384537,0.655438,-0.755249,60.0,38.0,10.0,0.221169,1633528476.0,368052630.0,37.824458,-122.451581,9.797598,0.937683,0.347493,60.0,42.0,10.0,0.219997,1633528476.0,368071540.0,37.818186,-122.464724,7.756614,0.918633,-0.395111,36.0,17.0,8.0,0.195795,240.26666666666668,8.026666666666667,10.0
1633528477.0,338246396.0,37.850801,-122.450665,6.823177,-0.967408,0.253223,36.0,12.0,4.0,0.287519,1633528477.0,366985310.0,37.840312,-122.453479,14.385482,0.651712,-0.758466,60.0,38.0,10.0,0.218693,1633528477.0,368052630.0,37.824474,-122.451527,9.79317,0.937878,0.346965,60.0,42.0,10.0,0.217518,1633528477.0,368071540.0,37.818172,-122.464682,7.714446,0.920741,-0.390174,36.0,17.0,8.0,0.193342,240.26944444444445,8.026944444444444,10.0
1633528478.0,338246396.0,37.850809,-122.450704,6.819652,-0.966798,0.255543,36.0,12.0,4.0,0.284068,1633528478.0,366985310.0,37.840261,-122.453424,14.386878,0.647922,-0.761707,60.0,38.0,10.0,0.216219,1633528478.0,368052630.0,37.82449,-122.451473,9.788728,0.93808,0.346419,60.0,42.0,10.0,0.215039,1633528478.0,368071540.0,37.818158,-122.464641,7.672987,0.922824,-0.385222,36.0,17.0,8.0,0.1909,240.2722222222222,8.027222222222223,10.0
1633528479.0,338246396.0,37.850817,-122.450742,6.815962,-0.966189,0.257833,36.0,12.0,4.0,0.280619,1633528479.0,366985310.0,37.840211,-122.45337,14.38874,0.644066,-0.76497,60.0,38.0,10.0,0.213745,1633528479.0,368052630.0,37.824505,-122.451419,9.784271,0.938288,0.345856,60.0,42.0,10.0,0.212561,1633528479.0,368071540.0,37.818144,-122.464599,7.632233,0.924881,-0.380256,36.0,17.0,8.0,0.188468,240.275,8.0275,10.0
1633528480.0,338246396.0,37.850825,-122.450781,6.812106,-0.965583,0.260095,36.0,12.0,4.0,0.277173,1633528480.0,366985310.0,37.84016,-122.453315,14.39108,0.640146,-0.768254,60.0,38.0,10.0,0.211274,1633528480.0,368052630.0,37.824521,-122.451366,9.779799,0.938502,0.345275,60.0,42.0,10.0,0.210084,1633528480.0,368071540.0,37.818131,-122.464558,7.592181,0.926912,-0.375278,36.0,17.0,8.0,0.186046,240.27777777777777,8.027777777777779,10.0
1633528481.0,338246396.0,37.850834,-122.45082,6.808084,-0.964979,0.262328,36.0,12.0,4.0,0.27373,1633528481.0,366985310.0,37.840109,-122.453261,14.393914,0.63616,-0.771557,60.0,38.0,10.0,0.208803,1633528481.0,368052630.0,37.824537,-122.451312,9.775314,0.938722,0.344675,60.0,42.0,10.0,0.207608,1633528481.0,368071540.0,37.818118,-122.464517,7.552828,0.928917,-0.370289,36.0,17.0,8.0,0.183635,240.2805555555556,8.028055555555556,10.0
1633528482.0,338246396.0,37.850842,-122.450858,6.803893,-0.964377,0.264533,36.0,12.0,4.0,0.270288,1633528482.0,366985310.0,37.840057,-122.453208,14.397255,0.632109,-0.77488,60.0,38.0,10.0,0.206334,1633528482.0,368052630.0,37.824552,-122.451258,9.770815,0.938948,0.344058,60.0,42.0,10.0,0.205133,1633528482.0,368071540.0,37.818105,-122.464476,7.514171,0.930894,-0.36529,36.0,17.0,8.0,0.181233,240.28333333333333,8.028333333333334,10.0
1633528483.0,338246396.0,37.85085,-122.450897,6.799532,-0.963777,0.266708,36.0,12.0,4.0,0.26685,1633528483.0,366985310.0,37.840006,-122.453154,14.401118,0.627992,-0.77822,60.0,38.0,10.0,0.203866,1633528483.0,368052630.0,37.824568,-122.451204,9.766303,0.939181,0.343423,60.0,42.0,10.0,0.202659,1633528483.0,368071540.0,37.818092,-122.464435,7.476205,0.932843,-0.360283,36.0,17.0,8.0,0.17884,240.2861111111111,8.028611111111111,10.0
1633528484.0,338246396.0,37.850859,-122.450935,6.795,-0.96318,0.268856,36.0,12.0,4.0,0.263414,1633528484.0,366985310.0,37.839954,-122.453101,14.405516,0.623809,-0.781577,60.0,38.0,10.0,0.201399,1633528484.0,368052630.0,37.824583,-122.451151,9.761778,0.939419,0.342771,60.0,42.0,10.0,0.200185,1633528484.0,368071540.0,37.818079,-122.464394,7.438927,0.934764,-0.35527,36.0,17.0,8.0,0.176458,240.2888888888889,8.028888888888888,10.0
1633528485.0,338246396.0,37.850867,-122.450973,6.790295,-0.962586,0.270975,36.0,12.0,4.0,0.259981,1633528485.0,366985310.0,37.839902,-122.453049,14.410466,0.619561,-0.784949,60.0,38.0,10.0,0.198934,1633528485.0,368052630.0,37.824599,-122.451097,9.757241,0.939664,0.3421,60.0,42.0,10.0,0.197713,1633528485.0,368071540.0,37.818067,-122.464353,7.402334,0.936656,-0.350251,36.0,17.0,8.0,0.174084,240.29166666666663,8.029166666666667,10.0
1633528486.0,338246396.0,37.850876,-122.451012,6.785416,-0.961995,0.273067,36.0,12.0,4.0,0.256551,1633528486.0,366985310.0,37.839849,-122.452996,14.415981,0.615246,-0.788335,60.0,38.0,10.0,0.196469,1633528486.0,368052630.0,37.824614,-122.451043,9.752692,0.939914,0.341411,60.0,42.0,10.0,0.195241,1633528486.0,368071540.0,37.818055,-122.464312,7.36642,0.938519,-0.345228,36.0,17.0,8.0,0.17172,240.29444444444445,8.029444444444444,10.0
1633528487.0,338246396.0,37.850884,-122.45105,6.780363,-0.961407,0.27513,36.0,12.0,4.0,0.253125,1633528487.0,366985310.0,37.839797,-122.452945,14.422077,0.610866,-0.791734,60.0,38.0,10.0,0.194005,1633528487.0,368052630.0,37.82463,-122.45099,9.748131,0.940171,0.340703,60.0,42.0,10.0,0.192771,1633528487.0,368071540.0,37.818043,-122.464272,7.331184,0.940352,-0.340203,36.0,17.0,8.0,0.169365,240.29722222222225,8.029722222222222,10.0
1633528488.0,338246396.0,37.850893,-122.451088,6.775133,-0.960822,0.277166,36.0,12.0,4.0,0.249701,1633528488.0,366985310.0,37.839744,-122.452893,14.428767,0.60642,-0.795145,60.0,38.0,10.0,0.191542,1633528488.0,368052630.0,37.824645,-122.450936,9.743559,0.940433,0.339978,60.0,42.0,10.0,0.190301,1633528488.0,368071540.0,37.818032,-122.464232,7.296619,0.942155,-0.335177,36.0,17.0,8.0,0.167019,240.3,8.03,10.0
1633528489.0,338246396.0,37.850901,-122.451126,6.769725,-0.96024,0.279174,36.0,12.0,4.0,0.24628,1633528489.0,366985310.0,37.839691,-122.452842,14.436068,0.601907,-0.798566,60.0,38.0,10.0,0.18908,1633528489.0,368052630.0,37.82466,-122.450882,9.738976,0.940702,0.339235,60.0,42.0,10.0,0.187833,1633528489.0,368071540.0,37.818021,-122.464191,7.262723,0.943928,-0.330152,36.0,17.0,8.0,0.164681,240.30277777777772,8.030277777777778,10.0
1633528490.0,338246396.0,37.85091,-122.451164,6.764138,-0.959662,0.281155,36.0,12.0,4.0,0.242863,1633528490.0,366985310.0,37.839637,-122.452791,14.443993,0.597329,-0.801996,60.0,38.0,10.0,0.186619,1633528490.0,368052630.0,37.824676,-122.450829,9.734382,0.940976,0.338473,60.0,42.0,10.0,0.185365,1633528490.0,368071540.0,37.818009,-122.464151,7.22949,0.945669,-0.32513,36.0,17.0,8.0,0.162352,240.3055555555556,8.030555555555555,10.0
1633528491.0,338246396.0,37.850919,-122.451202,6.758371,-0.959088,0.283109,36.0,12.0,4.0,0.239449,1633528491.0,366985310.0,37.839584,-122.45274,14.452559,0.592685,-0.805434,60.0,38.0,10.0,0.184158,1633528491.0,368052630.0,37.824691,-122.450775,9.729779,0.941256,0.337693,60.0,42.0,10.0,0.182898,1633528491.0,368071540.0,37.817999,-122.464111,7.196918,0.94738,-0.320112,36.0,17.0,8.0,0.160031,240.3083333333333,8.030833333333334,10.0
1633528492.0,338246396.0,37.850928,-122.45124,6.752423,-0.958517,0.285035,36.0,12.0,4.0,0.236039,1633528492.0,366985310.0,37.83953,-122.45269,14.461717,0.588001,-0.80886,60.0,38.0,10.0,0.181699,1633528492.0,368052630.0,37.824706,-122.450721,9.725166,0.941542,0.336895,60.0,42.0,10.0,0.180432,1633528492.0,368071540.0,37.817988,-122.464071,7.165,0.949059,-0.3151,36.0,17.0,8.0,0.157719,240.3111111111111,8.03111111111111,10.0
1633528493.0,338246396.0,37.850937,-122.451278,6.746292,-0.95795,0.286935,36.0,12.0,4.0,0.232632,1633528493.0,366985310.0,37.839476,-122.45264,14.471211,0.583379,-0.8122,60.0,38.0,10.0,0.179239,1633528493.0,368052630.0,37.824721,-122.450668,9.720545,0.941834,0.336078,60.0,42.0,10.0,0.177967,1633528493.0,368071540.0,37.817978,-122.464031,7.133733,0.950706,-0.310095,36.0,17.0,8.0,0.155415,240.3138888888889,8.03138888888889,10.0
1633528494.0,338246396.0,37.850946,-122.451316,6.739977,-0.957387,0.288808,36.0,12.0,4.0,0.229229,1633528494.0,366985310.0,37.839422,-122.452591,14.480949,0.578845,-0.815438,60.0,38.0,10.0,0.176781,1633528494.0,368052630.0,37.824736,-122.450614,9.715915,0.942132,0.335243,60.0,42.0,10.0,0.175502,1633528494.0,368071540.0,37.817967,-122.463992,7.103112,0.952321,-0.305099,36.0,17.0,8.0,0.153118,240.31666666666663,8.031666666666666,10.0
1633528495.0,338246396.0,37.850955,-122.451354,6.733478,-0.956828,0.290653,36.0,12.0,4.0,0.22583,1633528495.0,366985310.0,37.839367,-122.452542,14.490901,0.574401,-0.818574,60.0,38.0,10.0,0.174322,1633528495.0,368052630.0,37.824751,-122.45056,9.711276,0.942435,0.334389,60.0,42.0,10.0,0.173039,1633528495.0,368071540.0,37.817957,-122.463952,7.073132,0.953904,-0.300113,36.0,17.0,8.0,0.15083,240.31944444444449,8.031944444444445,10.0
1633528496.0,338246396.0,37.850964,-122.451392,6.726793,-0.956274,0.292473,36.0,12.0,4.0,0.222434,1633528496.0,366985310.0,37.839312,-122.452493,14.501036,0.570048,-0.821612,60.0,38.0,10.0,0.171865,1633528496.0,368052630.0,37.824766,-122.450507,9.706631,0.942744,0.333517,60.0,42.0,10.0,0.170576,1633528496.0,368071540.0,37.817947,-122.463912,7.043789,0.955454,-0.295141,36.0,17.0,8.0,0.148549,240.32222222222225,8.032222222222222,10.0
1633528497.0,338246396.0,37.850973,-122.451429,6.719921,-0.955724,0.294265,36.0,12.0,4.0,0.219043,1633528497.0,366985310.0,37.839257,-122.452444,14.511324,0.565787,-0.824552,60.0,38.0,10.0,0.169407,1633528497.0,368052630.0,37.824781,-122.450453,9.701978,0.943059,0.332627,60.0,42.0,10.0,0.168115,1633528497.0,368071540.0,37.817938,-122.463873,7.015077,0.956971,-0.290182,36.0,17.0,8.0,0.146275,240.325,8.0325,10.0
1633528498.0,338246396.0,37.850982,-122.451467,6.712861,-0.955178,0.296032,36.0,12.0,4.0,0.215655,1633528498.0,366985310.0,37.839202,-122.452396,14.521737,0.561619,-0.827396,60.0,38.0,10.0,0.16695,1633528498.0,368052630.0,37.824796,-122.4504,9.697318,0.943379,0.331717,60.0,42.0,10.0,0.165654,1633528498.0,368071540.0,37.817928,-122.463834,6.986992,0.958456,-0.285239,36.0,17.0,8.0,0.144009,240.32777777777773,8.032777777777778,10.0
1633528499.0,338246396.0,37.850991,-122.451504,6.705611,-0.954637,0.297772,36.0,12.0,4.0,0.212272,1633528499.0,366985310.0,37.839146,-122.452349,14.532248,0.557545,-0.830147,60.0,38.0,10.0,0.164494,1633528499.0,368052630.0,37.824811,-122.450346,9.692653,0.943705,0.330789,60.0,42.0,10.0,0.163194,1633528499.0,368071540.0,37.817919,-122.463795,6.959529,0.959908,-0.280314,36.0,17.0,8.0,0.141751,240.33055555555555,8.033055555555556,10.0
1633528500.0,338246396.0,37.851,-122.451542,6.698172,-0.954101,0.299486,36.0,12.0,4.0,0.208893,1633528500.0,366985310.0,37.83909,-122.452301,14.542827,0.553567,-0.832805,60.0,38.0,10.0,0.162037,1633528500.0,368052630.0,37.824826,-122.450292,9.687982,0.944036,0.329843,60.0,42.0,10.0,0.160735,1633528500.0,368071540.0,37.81791,-122.463755,6.932682,0.961327,-0.275409,36.0,17.0,8.0,0.139499,240.3333333333333,8.033333333333333,10.0
1633528501.0,338246396.0,37.85101,-122.451579,6.690541,-0.953569,0.301174,36.0,12.0,4.0,0.205518,1633528501.0,366985310.0,37.839034,-122.452254,14.553451,0.549684,-0.835373,60.0,38.0,10.0,0.159581,1633528501.0,368052630.0,37.824841,-122.450239,9.683307,0.944373,0.328878,60.0,42.0,10.0,0.158277,1633528501.0,368071540.0,37.817901,-122.463716,6.906447,0.962713,-0.270524,36.0,17.0,8.0,0.137254,240.3361111111111,8.033611111111112,10.0
1633528502.0,338246396.0,37.851019,-122.451617,6.682718,-0.953043,0.302835,36.0,12.0,4.0,0.202148,1633528502.0,366985310.0,37.838978,-122.452207,14.564092,0.545898,-0.837852,60.0,38.0,10.0,0.157125,1633528502.0,368052630.0,37.824856,-122.450185,9.678627,0.944715,0.327893,60.0,42.0,10.0,0.155819,1633528502.0,368071540.0,37.817893,-122.463677,6.880818,0.964066,-0.265662,36.0,17.0,8.0,0.135016,240.3388888888889,8.033888888888889,10.0
1633528503.0,338246396.0,37.851028,-122.451654,6.674702,-0.952521,0.304471,36.0,12.0,4.0,0.198782,1633528503.0,366985310.0,37.838921,-122.45216,14.574725,0.542209,-0.840244,60.0,38.0,10.0,0.154669,1633528503.0,368052630.0,37.82487,-122.450132,9.673943,0.945062,0.326891,60.0,42.0,10.0,0.153363,1633528503.0,368071540.0,37.817884,-122.463639,6.85579,0.965386,-0.260825,36.0,17.0,8.0,0.132784,240.34166666666667,8.034166666666666,10.0
1633528504.0,338246396.0,37.851038,-122.451691,6.666491,-0.952005,0.306082,36.0,12.0,4.0,0.195421,1633528504.0,366985310.0,37.838865,-122.452114,14.585328,0.538618,-0.84255,60.0,38.0,10.0,0.152214,1633528504.0,368052630.0,37.824885,-122.450078,9.669256,0.945415,0.325869,60.0,42.0,10.0,0.150907,1633528504.0,368071540.0,37.817876,-122.4636,6.831358,0.966673,-0.256014,36.0,17.0,8.0,0.13056,240.34444444444443,8.034444444444444,10.0
1633528505.0,338246396.0,37.851047,-122.451729,6.658086,-0.951494,0.307666,36.0,12.0,4.0,0.192064,1633528505.0,366985310.0,37.838808,-122.452068,14.595875,0.535126,-0.844772,60.0,38.0,10.0,0.149758,1633528505.0,368052630.0,37.8249,-122.450025,9.664567,0.945773,0.324828,60.0,42.0,10.0,0.148452,1633528505.0,368071540.0,37.817868,-122.463561,6.807516,0.967927,-0.251231,36.0,17.0,8.0,0.128341,240.34722222222223,8.034722222222221,10.0
1633528506.0,338246396.0,37.851057,-122.451766,6.649484,-0.950989,0.309225,36.0,12.0,4.0,0.188712,1633528506.0,366985310.0,37.838751,-122.452022,14.606345,0.531734,-0.846912,60.0,38.0,10.0,0.147303,1633528506.0,368052630.0,37.824914,-122.449971,9.659876,0.946136,0.323768,60.0,42.0,10.0,0.145998,1633528506.0,368071540.0,37.81786,-122.463523,6.784259,0.969148,-0.246478,36.0,17.0,8.0,0.126129,240.35,8.035,10.0
1633528507.0,338246396.0,37.851066,-122.451803,6.640686,-0.950489,0.310759,36.0,12.0,4.0,0.185365,1633528507.0,366985310.0,37.838694,-122.451977,14.616715,0.528441,-0.84897,60.0,38.0,10.0,0.144848,1633528507.0,368052630.0,37.824928,-122.449918,9.655183,0.946505,0.32269,60.0,42.0,10.0,0.143545,1633528507.0,368071540.0,37.817852,-122.463484,6.761581,0.970337,-0.241757,36.0,17.0,8.0,0.123922,240.3527777777778,8.035277777777777,10.0
1633528508.0,338246396.0,37.851076,-122.45184,6.63169,-0.949994,0.312267,36.0,12.0,4.0,0.182023,1633528508.0,366985310.0,37.838636,-122.451932,14.626965,0.525248,-0.850949,60.0,38.0,10.0,0.142393,1633528508.0,368052630.0,37.824943,-122.449864,9.65049,0.946878,0.321592,60.0,42.0,10.0,0.141093,1633528508.0,368071540.0,37.817845,-122.463446,6.739478,0.971493,-0.237069,36.0,17.0,8.0,0.121722,240.35555555555555,8.035555555555556,10.0
1633528509.0,338246396.0,37.851085,-122.451877,6.622494,-0.949506,0.313749,36.0,12.0,4.0,0.178686,1633528509.0,366985310.0,37.838579,-122.451887,14.637073,0.522157,-0.85285,60.0,38.0,10.0,0.139937,1633528509.0,368052630.0,37.824957,-122.449811,9.645796,0.947257,0.320475,60.0,42.0,10.0,0.138641,1633528509.0,368071540.0,37.817837,-122.463407,6.717942,0.972617,-0.232416,36.0,17.0,8.0,0.119528,240.3583333333333,8.035833333333333,10.0
1633528510.0,338246396.0,37.851095,-122.451913,6.6131,-0.949023,0.315207,36.0,12.0,4.0,0.175355,1633528510.0,366985310.0,37.838521,-122.451842,14.64702,0.519166,-0.854673,60.0,38.0,10.0,0.137482,1633528510.0,368052630.0,37.824972,-122.449757,9.641104,0.947641,0.319339,60.0,42.0,10.0,0.136191,1633528510.0,368071540.0,37.81783,-122.463369,6.69697,0.973708,-0.227799,36.0,17.0,8.0,0.117339,240.36111111111111,8.036111111111111,10.0
1633528511.0,338246396.0,37.851105,-122.45195,6.603504,-0.948546,0.316639,36.0,12.0,4.0,0.172028,1633528511.0,366985310.0,37.838463,-122.451797,14.656788,0.516277,-0.856422,60.0,38.0,10.0,0.135027,1633528511.0,368052630.0,37.824986,-122.449704,9.636412,0.948029,0.318183,60.0,42.0,10.0,0.133741,1633528511.0,368071540.0,37.817823,-122.463331,6.676555,0.974768,-0.223221,36.0,17.0,8.0,0.115155,240.36388888888888,8.036388888888888,10.0
1633528512.0,338246396.0,37.851114,-122.451987,6.593708,-0.948075,0.318046,36.0,12.0,4.0,0.168707,1633528512.0,366985310.0,37.838405,-122.451753,14.666357,0.51349,-0.858096,60.0,38.0,10.0,0.132572,1633528512.0,368052630.0,37.825,-122.44965,9.631731,0.948421,0.317013,60.0,42.0,10.0,0.131292,1633528512.0,368071540.0,37.817816,-122.463293,6.656691,0.975796,-0.218683,36.0,17.0,8.0,0.112978,240.36666666666667,8.036666666666667,10.0
1633528513.0,338246396.0,37.851124,-122.452024,6.583709,-0.947611,0.319428,36.0,12.0,4.0,0.165392,1633528513.0,366985310.0,37.838347,-122.451709,14.67571,0.510804,-0.859697,60.0,38.0,10.0,0.130117,1633528513.0,368052630.0,37.825014,-122.449596,9.627097,0.948811,0.315845,60.0,42.0,10.0,0.128843,1633528513.0,368071540.0,37.817809,-122.463255,6.637373,0.976793,-0.214187,36.0,17.0,8.0,0.110805,240.36944444444444,8.036944444444444,10.0
1633528514.0,338246396.0,37.851134,-122.45206,6.573507,-0.947152,0.320785,36.0,12.0,4.0,0.162081,1633528514.0,366985310.0,37.838288,-122.451665,14.68483,0.508222,-0.861226,60.0,38.0,10.0,0.127662,1633528514.0,368052630.0,37.825028,-122.449543,9.622516,0.949197,0.314683,60.0,42.0,10.0,0.126396,1633528514.0,368071540.0,37.817803,-122.463217,6.618595,0.977758,-0.209734,36.0,17.0,8.0,0.108637,240.37222222222223,8.037222222222223,10.0
1633528515.0,338246396.0,37.851144,-122.452097,6.563102,-0.9467,0.322117,36.0,12.0,4.0,0.158777,1633528515.0,366985310.0,37.83823,-122.451621,14.6937,0.505741,-0.862685,60.0,38.0,10.0,0.125207,1633528515.0,368052630.0,37.825042,-122.449489,9.617991,0.949579,0.313529,60.0,42.0,10.0,0.123949,1633528515.0,368071540.0,37.817796,-122.463179,6.600352,0.978693,-0.205327,36.0,17.0,8.0,0.106475,240.375,8.0375,10.0
1633528516.0,338246396.0,37.851153,-122.452133,6.552492,-0.946254,0.323424,36.0,12.0,4.0,0.155478,1633528516.0,366985310.0,37.838171,-122.451578,14.702307,0.503364,-0.864074,60.0,38.0,10.0,0.122752,1633528516.0,368052630.0,37.825056,-122.449436,9.613519,0.949957,0.312381,60.0,42.0,10.0,0.121503,1633528516.0,368071540.0,37.81779,-122.463141,6.582638,0.979598,-0.200966,36.0,17.0,8.0,0.104317,240.37777777777777,8.037777777777778,10.0
1633528517.0,338246396.0,37.851163,-122.452169,6.541676,-0.945815,0.324705,36.0,12.0,4.0,0.152185,1633528517.0,366985310.0,37.838112,-122.451534,14.710634,0.50109,-0.865395,60.0,38.0,10.0,0.120297,1633528517.0,368052630.0,37.82507,-122.449383,9.6091,0.950332,0.311239,60.0,42.0,10.0,0.119058,1633528517.0,368071540.0,37.817784,-122.463103,6.565447,0.980473,-0.196653,36.0,17.0,8.0,0.102164,240.3805555555556,8.038055555555555,10.0
1633528518.0,338246396.0,37.851173,-122.452206,6.530655,-0.945383,0.325963,36.0,12.0,4.0,0.148898,1633528518.0,366985310.0,37.838053,-122.451491,14.718667,0.498919,-0.866649,60.0,38.0,10.0,0.117841,1633528518.0,368052630.0,37.825084,-122.449329,9.604735,0.950702,0.310105,60.0,42.0,10.0,0.116614,1633528518.0,368071540.0,37.817778,-122.463065,6.548773,0.981318,-0.192391,36.0,17.0,8.0,0.100016,240.38333333333333,8.038333333333334,10.0
1633528519.0,338246396.0,37.851183,-122.452242,6.519427,-0.944957,0.327195,36.0,12.0,4.0,0.145617,1633528519.0,366985310.0,37.837994,-122.451448,14.726393,0.496851,-0.867836,60.0,38.0,10.0,0.115386,1633528519.0,368052630.0,37.825098,-122.449276,9.600424,0.95107,0.308977,60.0,42.0,10.0,0.11417,1633528519.0,368071540.0,37.817772,-122.463028,6.532611,0.982135,-0.188179,36.0,17.0,8.0,0.097873,240.38611111111112,8.038611111111111,10.0
1633528520.0,338246396.0,37.851193,-122.452278,6.507992,-0.944538,0.328402,36.0,12.0,4.0,0.142343,1633528520.0,366985310.0,37.837935,-122.451405,14.733799,0.494887,-0.868957,60.0,38.0,10.0,0.112931,1633528520.0,368052630.0,37.825111,-122.449222,9.596165,0.951433,0.307856,60.0,42.0,10.0,0.111727,1633528520.0,368071540.0,37.817766,-122.46299,6.516956,0.982922,-0.184021,36.0,17.0,8.0,0.095733,240.38888888888889,8.03888888888889,10.0
1633528521.0,338246396.0,37.851203,-122.452314,6.496348,-0.944126,0.329585,36.0,12.0,4.0,0.139074,1633528521.0,366985310.0,37.837876,-122.451363,14.740874,0.493027,-0.870014,60.0,38.0,10.0,0.110476,1633528521.0,368052630.0,37.825125,-122.449169,9.591958,0.951793,0.306742,60.0,42.0,10.0,0.109285,1633528521.0,368071540.0,37.817761,-122.462953,6.501801,0.983682,-0.179917,36.0,17.0,8.0,0.093598,240.39166666666668,8.039166666666667,10.0
1633528522.0,338246396.0,37.851212,-122.45235,6.484495,-0.943721,0.330742,36.0,12.0,4.0,0.135812,1633528522.0,366985310.0,37.837817,-122.45132,14.747605,0.49127,-0.871007,60.0,38.0,10.0,0.10802,1633528522.0,368052630.0,37.825139,-122.449115,9.587804,0.952149,0.305634,60.0,42.0,10.0,0.106843,1633528522.0,368071540.0,37.817755,-122.462915,6.48714,0.984414,-0.175869,36.0,17.0,8.0,0.091467,240.39444444444445,8.039444444444445,10.0
1633528523.0,338246396.0,37.851222,-122.452386,6.472433,-0.943323,0.331875,36.0,12.0,4.0,0.132556,1633528523.0,366985310.0,37.837757,-122.451278,14.753982,0.489618,-0.871937,60.0,38.0,10.0,0.105565,1633528523.0,368052630.0,37.825152,-122.449062,9.583702,0.952501,0.304534,60.0,42.0,10.0,0.104403,1633528523.0,368071540.0,37.81775,-122.462878,6.472969,0.985118,-0.171879,36.0,17.0,8.0,0.08934,240.3972222222222,8.039722222222222,10.0
1633528524.0,338246396.0,37.851232,-122.452421,6.460161,-0.942933,0.332983,36.0,12.0,4.0,0.129306,1633528524.0,366985310.0,37.837698,-122.451235,14.759995,0.488069,-0.872805,60.0,38.0,10.0,0.103109,1633528524.0,368052630.0,37.825166,-122.449008,9.579652,0.95285,0.303441,60.0,42.0,10.0,0.101963,1633528524.0,368071540.0,37.817745,-122.462841,6.459282,0.985796,-0.167947,36.0,17.0,8.0,0.087217,240.4,8.04,10.0
1633528525.0,338246396.0,37.851242,-122.452457,6.447678,-0.942549,0.334067,36.0,12.0,4.0,0.126064,1633528525.0,366985310.0,37.837638,-122.451193,14.765634,0.486624,-0.873612,60.0,38.0,10.0,0.100654,1633528525.0,368052630.0,37.825179,-122.448955,9.575653,0.953195,0.302355,60.0,42.0,10.0,0.099523,1633528525.0,368071540.0,37.81774,-122.462803,6.446073,0.986448,-0.164076,36.0,17.0,8.0,0.085097,240.40277777777777,8.040277777777778,10.0
1633528526.0,338246396.0,37.851252,-122.452493,6.434984,-0.942174,0.335125,36.0,12.0,4.0,0.122827,1633528526.0,366985310.0,37.837578,-122.451151,14.770891,0.485283,-0.874357,60.0,38.0,10.0,0.098198,1633528526.0,368052630.0,37.825193,-122.448901,9.571706,0.953537,0.301275,60.0,42.0,10.0,0.097085,1633528526.0,368071540.0,37.817735,-122.462766,6.433336,0.987074,-0.160266,36.0,17.0,8.0,0.082982,240.4055555555556,8.040555555555555,10.0
1633528527.0,338246396.0,37.851262,-122.452528,6.422077,-0.941805,0.336159,36.0,12.0,4.0,0.119598,1633528527.0,366985310.0,37.837519,-122.451109,14.775757,0.484046,-0.875042,60.0,38.0,10.0,0.095743,1633528527.0,368052630.0,37.825206,-122.448848,9.567809,0.953875,0.300203,60.0,42.0,10.0,0.094647,1633528527.0,368071540.0,37.81773,-122.462729,6.421066,0.987675,-0.15652,36.0,17.0,8.0,0.080869,240.40833333333333,8.040833333333333,10.0
1633528528.0,338246396.0,37.851272,-122.452564,6.408958,-0.941444,0.337168,36.0,12.0,4.0,0.116376,1633528528.0,366985310.0,37.837459,-122.451067,14.780225,0.482914,-0.875668,60.0,38.0,10.0,0.093287,1633528528.0,368052630.0,37.825219,-122.448794,9.563963,0.95421,0.299138,60.0,42.0,10.0,0.092209,1633528528.0,368071540.0,37.817726,-122.462692,6.409259,0.988251,-0.152837,36.0,17.0,8.0,0.07876,240.4111111111111,8.04111111111111,10.0
1633528529.0,338246396.0,37.851282,-122.452599,6.395626,-0.941091,0.338152,36.0,12.0,4.0,0.11316,1633528529.0,366985310.0,37.837399,-122.451025,14.784288,0.481886,-0.876234,60.0,38.0,10.0,0.090832,1633528529.0,368052630.0,37.825232,-122.448741,9.560168,0.954541,0.298081,60.0,42.0,10.0,0.089772,1633528529.0,368071540.0,37.817721,-122.462655,6.397907,0.988804,-0.14922,36.0,17.0,8.0,0.076655,240.4138888888889,8.04138888888889,10.0
1633528530.0,338246396.0,37.851292,-122.452634,6.38208,-0.940746,0.339112,36.0,12.0,4.0,0.109952,1633528530.0,366985310.0,37.837339,-122.450984,14.78794,0.480962,-0.876742,60.0,38.0,10.0,0.088376,1633528530.0,368052630.0,37.825246,-122.448687,9.556422,0.954868,0.29703,60.0,42.0,10.0,0.087336,1633528530.0,368071540.0,37.817717,-122.462618,6.387007,0.989333,-0.14567,36.0,17.0,8.0,0.074552,240.41666666666663,8.041666666666666,10.0
1633528531.0,338246396.0,37.851302,-122.45267,6.368319,-0.940409,0.340046,36.0,12.0,4.0,0.106751,1633528531.0,366985310.0,37.837279,-122.450942,14.791175,0.480142,-0.877191,60.0,38.0,10.0,0.085921,1633528531.0,368052630.0,37.825259,-122.448634,9.552727,0.955192,0.295986,60.0,42.0,10.0,0.084901,1633528531.0,368071540.0,37.817712,-122.462581,6.376553,0.98984,-0.142188,36.0,17.0,8.0,0.072453,240.41944444444445,8.041944444444445,10.0
1633528532.0,338246396.0,37.851312,-122.452705,6.354344,-0.94008,0.340955,36.0,12.0,4.0,0.103557,1633528532.0,366985310.0,37.837219,-122.4509,14.793989,0.479426,-0.877582,60.0,38.0,10.0,0.083465,1633528532.0,368052630.0,37.825272,-122.448581,9.549081,0.955513,0.29495,60.0,42.0,10.0,0.082466,1633528532.0,368071540.0,37.817708,-122.462544,6.366539,0.990324,-0.138776,36.0,17.0,8.0,0.070356,240.42222222222225,8.042222222222222,10.0
1633528533.0,338246396.0,37.851322,-122.45274,6.340153,-0.939758,0.34184,36.0,12.0,4.0,0.100371,1633528533.0,366985310.0,37.837159,-122.450859,14.796376,0.478815,-0.877916,60.0,38.0,10.0,0.081009,1633528533.0,368052630.0,37.825285,-122.448527,9.545484,0.95583,0.293921,60.0,42.0,10.0,0.080032,1633528533.0,368071540.0,37.817704,-122.462507,6.356961,0.990787,-0.135433,36.0,17.0,8.0,0.068262,240.425,8.0425,10.0
1633528534.0,338246396.0,37.851332,-122.452775,6.325747,-0.939445,0.342699,36.0,12.0,4.0,0.097192,1633528534.0,366985310.0,37.837099,-122.450817,14.798334,0.478308,-0.878192,60.0,38.0,10.0,0.078554,1633528534.0,368052630.0,37.825298,-122.448474,9.541937,0.956143,0.2929,60.0,42.0,10.0,0.077599,1633528534.0,368071540.0,37.8177,-122.46247,6.347813,0.991228,-0.132162,36.0,17.0,8.0,0.066171,240.42777777777772,8.042777777777777,10.0
1633528535.0,338246396.0,37.851342,-122.452809,6.311124,-0.93914,0.343533,36.0,12.0,4.0,0.09402,1633528535.0,366985310.0,37.837039,-122.450776,14.799859,0.477905,-0.878411,60.0,38.0,10.0,0.076098,1633528535.0,368052630.0,37.825311,-122.44842,9.538438,0.956453,0.291886,60.0,42.0,10.0,0.075166,1633528535.0,368071540.0,37.817696,-122.462433,6.339091,0.991649,-0.128964,36.0,17.0,8.0,0.064083,240.4305555555556,8.043055555555556,10.0
1633528536.0,338246396.0,37.851352,-122.452844,6.296284,-0.938844,0.344343,36.0,12.0,4.0,0.090856,1633528536.0,366985310.0,37.836979,-122.450734,14.800949,0.477607,-0.878573,60.0,38.0,10.0,0.073643,1633528536.0,368052630.0,37.825324,-122.448367,9.534988,0.95676,0.290879,60.0,42.0,10.0,0.072733,1633528536.0,368071540.0,37.817693,-122.462396,6.330789,0.992051,-0.125839,36.0,17.0,8.0,0.061996,240.4333333333333,8.043333333333333,10.0
1633528537.0,338246396.0,37.851362,-122.452879,6.281227,-0.938556,0.345127,36.0,12.0,4.0,0.0877,1633528537.0,366985310.0,37.836918,-122.450693,14.801602,0.477413,-0.878679,60.0,38.0,10.0,0.071187,1633528537.0,368052630.0,37.825336,-122.448313,9.531586,0.957063,0.289879,60.0,42.0,10.0,0.070302,1633528537.0,368071540.0,37.817689,-122.462359,6.322904,0.992433,-0.122788,36.0,17.0,8.0,0.059913,240.4361111111111,8.043611111111112,10.0
1633528538.0,338246396.0,37.851372,-122.452913,6.265952,-0.938277,0.345885,36.0,12.0,4.0,0.084552,1633528538.0,366985310.0,37.836858,-122.450651,14.801817,0.477324,-0.878728,60.0,38.0,10.0,0.068732,1633528538.0,368052630.0,37.825349,-122.44826,9.528232,0.957363,0.288887,60.0,42.0,10.0,0.06787,1633528538.0,368071540.0,37.817685,-122.462323,6.315429,0.992796,-0.119813,36.0,17.0,8.0,0.057831,240.4388888888889,8.043888888888889,10.0
1633528539.0,338246396.0,37.851382,-122.452948,6.250459,-0.938006,0.346618,36.0,12.0,4.0,0.081412,1633528539.0,366985310.0,37.836798,-122.45061,14.801593,0.477339,-0.878719,60.0,38.0,10.0,0.066276,1633528539.0,368052630.0,37.825362,-122.448206,9.524927,0.95766,0.287903,60.0,42.0,10.0,0.06544,1633528539.0,368071540.0,37.817682,-122.462286,6.308361,0.993142,-0.116915,36.0,17.0,8.0,0.055752,240.44166666666663,8.044166666666667,10.0
1633528540.0,338246396.0,37.851392,-122.452982,6.234747,-0.937744,0.347326,36.0,12.0,4.0,0.07828,1633528540.0,366985310.0,37.836738,-122.450569,14.800931,0.477458,-0.878655,60.0,38.0,10.0,0.063821,1633528540.0,368052630.0,37.825375,-122.448153,9.521668,0.957953,0.286926,60.0,42.0,10.0,0.06301,1633528540.0,368071540.0,37.817678,-122.462249,6.301695,0.99347,-0.114094,36.0,17.0,8.0,0.053674,240.44444444444449,8.044444444444444,10.0
1633528541.0,338246396.0,37.851402,-122.453016,6.218816,-0.937491,0.348008,36.0,12.0,4.0,0.075156,1633528541.0,366985310.0,37.836678,-122.450527,14.799831,0.477681,-0.878533,60.0,38.0,10.0,0.061366,1633528541.0,368052630.0,37.825387,-122.4481,9.518457,0.958243,0.285957,60.0,42.0,10.0,0.06058,1633528541.0,368071540.0,37.817675,-122.462212,6.295427,0.993781,-0.111352,36.0,17.0,8.0,0.051598,240.44722222222225,8.044722222222223,10.0
1633528542.0,338246396.0,37.851412,-122.45305,6.202665,-0.937247,0.348665,36.0,12.0,4.0,0.072041,1633528542.0,366985310.0,37.836618,-122.450486,14.798294,0.478009,-0.878355,60.0,38.0,10.0,0.05891,1633528542.0,368052630.0,37.8254,-122.448046,9.515293,0.958529,0.284995,60.0,42.0,10.0,0.058151,1633528542.0,368071540.0,37.817672,-122.462176,6.289552,0.994076,-0.108688,36.0,17.0,8.0,0.049525,240.45,8.045,10.0
1633528543.0,338246396.0,37.851422,-122.453085,6.186295,-0.937012,0.349296,36.0,12.0,4.0,0.068934,1633528543.0,366985310.0,37.836558,-122.450444,14.796323,0.478441,-0.878119,60.0,38.0,10.0,0.056455,1633528543.0,368052630.0,37.825412,-122.447993,9.512176,0.958812,0.28404,60.0,42.0,10.0,0.055723,1633528543.0,368071540.0,37.817669,-122.462139,6.284066,0.994355,-0.106104,36.0,17.0,8.0,0.047452,240.45277777777773,8.045277777777779,10.0
1633528544.0,338246396.0,37.851432,-122.453118,6.169705,-0.936787,0.349901,36.0,12.0,4.0,0.065835,1633528544.0,366985310.0,37.836497,-122.450403,14.79392,0.478978,-0.877827,60.0,38.0,10.0,0.054,1633528544.0,368052630.0,37.825425,-122.447939,9.509106,0.959092,0.283094,60.0,42.0,10.0,0.053295,1633528544.0,368071540.0,37.817666,-122.462103,6.278965,0.994619,-0.103601,36.0,17.0,8.0,0.045382,240.45555555555555,8.045555555555556,10.0
1633528545.0,338246396.0,37.851442,-122.453152,6.152894,-0.93657,0.35048,36.0,12.0,4.0,0.062745,1633528545.0,366985310.0,37.836437,-122.450361,14.791088,0.479619,-0.877477,60.0,38.0,10.0,0.051545,1633528545.0,368052630.0,37.825437,-122.447886,9.506082,0.959369,0.282155,60.0,42.0,10.0,0.050868,1633528545.0,368071540.0,37.817663,-122.462066,6.274245,0.994868,-0.10118,36.0,17.0,8.0,0.043313,240.4583333333333,8.045833333333333,10.0
1633528546.0,338246396.0,37.851452,-122.453186,6.135862,-0.936363,0.351032,36.0,12.0,4.0,0.059663,1633528546.0,366985310.0,37.836377,-122.45032,14.787832,0.480364,-0.877069,60.0,38.0,10.0,0.04909,1633528546.0,368052630.0,37.82545,-122.447833,9.503103,0.959642,0.281223,60.0,42.0,10.0,0.048441,1633528546.0,368071540.0,37.81766,-122.46203,6.269903,0.995103,-0.09884,36.0,17.0,8.0,0.041245,240.4611111111111,8.046111111111111,10.0
1633528547.0,338246396.0,37.851462,-122.45322,6.118609,-0.936166,0.351559,36.0,12.0,4.0,0.05659,1633528547.0,366985310.0,37.836317,-122.450278,14.784155,0.481214,-0.876603,60.0,38.0,10.0,0.046635,1633528547.0,368052630.0,37.825462,-122.447779,9.500171,0.959913,0.2803,60.0,42.0,10.0,0.046015,1633528547.0,368071540.0,37.817657,-122.461993,6.265933,0.995325,-0.096583,36.0,17.0,8.0,0.039178,240.4638888888889,8.046388888888888,10.0
1633528548.0,338246396.0,37.851472,-122.453253,6.101135,-0.935978,0.352059,36.0,12.0,4.0,0.053526,1633528548.0,366985310.0,37.836257,-122.450237,14.780063,0.482168,-0.876079,60.0,38.0,10.0,0.04418,1633528548.0,368052630.0,37.825475,-122.447726,9.497285,0.96018,0.279384,60.0,42.0,10.0,0.043589,1633528548.0,368071540.0,37.817654,-122.461956,6.262333,0.995533,-0.094409,36.0,17.0,8.0,0.037112,240.46666666666667,8.046666666666667,10.0
1633528549.0,338246396.0,37.851482,-122.453287,6.083438,-0.9358,0.352532,36.0,12.0,4.0,0.050471,1633528549.0,366985310.0,37.836197,-122.450195,14.775561,0.483226,-0.875496,60.0,38.0,10.0,0.041726,1633528549.0,368052630.0,37.825487,-122.447672,9.494444,0.960443,0.278476,60.0,42.0,10.0,0.041164,1633528549.0,368071540.0,37.817651,-122.46192,6.2591,0.995729,-0.092319,36.0,17.0,8.0,0.035048,240.46944444444443,8.046944444444444,10.0
1633528550.0,338246396.0,37.851492,-122.45332,6.06552,-0.935631,0.352979,36.0,12.0,4.0,0.047425,1633528550.0,366985310.0,37.836138,-122.450153,14.770657,0.484389,-0.874853,60.0,38.0,10.0,0.039271,1633528550.0,368052630.0,37.825499,-122.447619,9.491648,0.960704,0.277575,60.0,42.0,10.0,0.038739,1633528550.0,368071540.0,37.817649,-122.461883,6.256229,0.995913,-0.090314,36.0,17.0,8.0,0.032984,240.47222222222223,8.047222222222222,10.0
1633528551.0,338246396.0,37.851502,-122.453353,6.047379,-0.935473,0.353399,36.0,12.0,4.0,0.044389,1633528551.0,366985310.0,37.836078,-122.450111,14.765357,0.485655,-0.87415,60.0,38.0,10.0,0.036816,1633528551.0,368052630.0,37.825511,-122.447565,9.488896,0.960961,0.276683,60.0,42.0,10.0,0.036314,1633528551.0,368071540.0,37.817646,-122.461847,6.253718,0.996086,-0.088394,36.0,17.0,8.0,0.030921,240.475,8.0475,10.0
1633528552.0,338246396.0,37.851512,-122.453387,6.029016,-0.935324,0.353791,36.0,12.0,4.0,0.041361,1633528552.0,366985310.0,37.836018,-122.450069,14.759668,0.487026,-0.873387,60.0,38.0,10.0,0.034362,1633528552.0,368052630.0,37.825523,-122.447512,9.48619,0.961216,0.275798,60.0,42.0,10.0,0.03389,1633528552.0,368071540.0,37.817643,-122.46181,6.251563,0.996247,-0.086559,36.0,17.0,8.0,0.028859,240.4777777777778,8.047777777777778,10.0
1633528553.0,338246396.0,37.851522,-122.45342,6.01043,-0.935186,0.354157,36.0,12.0,4.0,0.038343,1633528553.0,366985310.0,37.835958,-122.450027,14.753599,0.488501,-0.872563,60.0,38.0,10.0,0.031907,1633528553.0,368052630.0,37.825535,-122.447459,9.483528,0.961467,0.274921,60.0,42.0,10.0,0.031467,1633528553.0,368071540.0,37.817641,-122.461774,6.249762,0.996397,-0.08481,36.0,17.0,8.0,0.026797,240.48055555555555,8.048055555555555,10.0
1633528554.0,338246396.0,37.851532,-122.453453,5.99162,-0.935058,0.354494,36.0,12.0,4.0,0.035334,1633528554.0,366985310.0,37.835899,-122.449985,14.747159,0.49008,-0.871677,60.0,38.0,10.0,0.029453,1633528554.0,368052630.0,37.825548,-122.447405,9.48091,0.961715,0.274052,60.0,42.0,10.0,0.029044,1633528554.0,368071540.0,37.817638,-122.461738,6.248311,0.996537,-0.083147,36.0,17.0,8.0,0.024736,240.4833333333333,8.048333333333334,10.0
1633528555.0,338246396.0,37.851542,-122.453485,5.972588,-0.934941,0.354805,36.0,12.0,4.0,0.032335,1633528555.0,366985310.0,37.835839,-122.449942,14.740358,0.491764,-0.870729,60.0,38.0,10.0,0.026998,1633528555.0,368052630.0,37.82556,-122.447352,9.478337,0.96196,0.273191,60.0,42.0,10.0,0.026621,1633528555.0,368071540.0,37.817636,-122.461701,6.247208,0.996668,-0.08157,36.0,17.0,8.0,0.022675,240.48611111111111,8.04861111111111,10.0
1633528556.0,338246396.0,37.851551,-122.453518,5.953332,-0.934833,0.355087,36.0,12.0,4.0,0.029346,1633528556.0,366985310.0,37.83578,-122.4499,14.733316,0.493523,-0.869733,60.0,38.0,10.0,0.024544,1633528556.0,368052630.0,37.825572,-122.447298,9.475807,0.962202,0.272338,60.0,42.0,10.0,0.024199,1633528556.0,368071540.0,37.817634,-122.461665,6.24645,0.996788,-0.080081,36.0,17.0,8.0,0.020615,240.48888888888888,8.04888888888889,10.0
1633528557.0,338246396.0,37.851561,-122.453551,5.933853,-0.934737,0.355341,36.0,12.0,4.0,0.026366,1633528557.0,366985310.0,37.835721,-122.449857,14.726478,0.495246,-0.868753,60.0,38.0,10.0,0.022089,1633528557.0,368052630.0,37.825583,-122.447245,9.473321,0.96244,0.271493,60.0,42.0,10.0,0.021778,1633528557.0,368071540.0,37.817631,-122.461628,6.246035,0.9969,-0.078679,36.0,17.0,8.0,0.018554,240.49166666666667,8.049166666666666,10.0
1633528558.0,338246396.0,37.851571,-122.453583,5.91415,-0.934651,0.355566,36.0,12.0,4.0,0.023396,1633528558.0,366985310.0,37.835662,-122.449815,14.719947,0.496905,-0.867805,60.0,38.0,10.0,0.019635,1633528558.0,368052630.0,37.825595,-122.447192,9.470878,0.962676,0.270656,60.0,42.0,10.0,0.019356,1633528558.0,368071540.0,37.817629,-122.461592,6.24596,0.997003,-0.077365,36.0,17.0,8.0,0.016494,240.49444444444444,8.049444444444445,10.0
1633528559.0,338246396.0,37.851581,-122.453616,5.894223,-0.934576,0.355763,36.0,12.0,4.0,0.020436,1633528559.0,366985310.0,37.835602,-122.449772,14.713719,0.4985,-0.86689,60.0,38.0,10.0,0.017181,1633528559.0,368052630.0,37.825607,-122.447138,9.468478,0.962909,0.269827,60.0,42.0,10.0,0.016935,1633528559.0,368071540.0,37.817627,-122.461555,6.246224,0.997097,-0.076139,36.0,17.0,8.0,0.014433,240.49722222222223,8.049722222222222,10.0
1633528560.0,338246396.0,37.85159,-122.453648,5.874072,-0.934512,0.355931,36.0,12.0,4.0,0.017486,1633528560.0,366985310.0,37.835543,-122.449729,14.707787,0.500032,-0.866007,60.0,38.0,10.0,0.014726,1633528560.0,368052630.0,37.825619,-122.447085,9.466121,0.963139,0.269006,60.0,42.0,10.0,0.014515,1633528560.0,368071540.0,37.817625,-122.461519,6.246824,0.997184,-0.075,36.0,17.0,8.0,0.012373,240.5,8.05,10.0
1633528561.0,338246396.0,37.8516,-122.45368,5.853765,-0.934457,0.356076,36.0,12.0,4.0,0.014547,1633528561.0,366985310.0,37.835484,-122.449686,14.702145,0.501499,-0.865158,60.0,38.0,10.0,0.012272,1633528561.0,368052630.0,37.825631,-122.447031,9.463807,0.963365,0.268193,60.0,42.0,10.0,0.012095,1633528561.0,368071540.0,37.817622,-122.461482,6.247758,0.997262,-0.07395,36.0,17.0,8.0,0.010312,240.50277777777777,8.050277777777778,10.0
1633528562.0,338246396.0,37.85161,-122.453712,5.833572,-0.934401,0.356224,36.0,12.0,4.0,0.011617,1633528562.0,366985310.0,37.835426,-122.449643,14.696789,0.502903,-0.864343,60.0,38.0,10.0,0.009818,1633528562.0,368052630.0,37.825643,-122.446978,9.461536,0.963589,0.267388,60.0,42.0,10.0,0.009675,1633528562.0,368071540.0,37.81762,-122.461446,6.249024,0.997333,-0.072988,36.0,17.0,8.0,0.008251,240.5055555555556,8.050555555555556,10.0
1633528563.0,338246396.0,37.851619,-122.453744,5.813563,-0.934341,0.35638,36.0,12.0,4.0,0.008698,1633528563.0,366985310.0,37.835367,-122.449599,14.691712,0.504242,-0.863562,60.0,38.0,10.0,0.007363,1633528563.0,368052630.0,37.825654,-122.446925,9.459306,0.96381,0.266591,60.0,42.0,10.0,0.007256,1633528563.0,368071540.0,37.817618,-122.461409,6.250622,0.997396,-0.072115,36.0,17.0,8.0,0.006189,240.50833333333333,8.050833333333333,10.0
1633528564.0,338246396.0,37.851629,-122.453776,5.793736,-0.934278,0.356544,36.0,12.0,4.0,0.005789,1633528564.0,366985310.0,37.835308,-122.449556,14.68691,0.505518,-0.862816,60.0,38.0,10.0,0.004909,1633528564.0,368052630.0,37.825666,-122.446871,9.457119,0.964028,0.265802,60.0,42.0,10.0,0.004837,1633528564.0,368071540.0,37.817616,-122.461373,6.252549,0.997453,-0.07133,36.0,17.0,8.0,0.004127,240.51111111111112,8.051111111111112,10.0
1633528565.0,338246396.0,37.851638,-122.453808,5.774093,-0.934212,0.356718,36.0,12.0,4.0,0.002889,1633528565.0,366985310.0,37.83525,-122.449512,14.682379,0.50673,-0.862105,60.0,38.0,10.0,0.002454,1633528565.0,368052630.0,37.825678,-122.446818,9.454974,0.964242,0.265022,60.0,42.0,10.0,0.002418,1633528565.0,368071540.0,37.817614,-122.461336,6.254805,0.997502,-0.070633,36.0,17.0,8.0,0.002064,240.51388888888889,8.051388888888889,10.0
1633528566.0,338246396.0,37.851648,-122.453839,5.774093,-0.934212,0.356718,36.0,12.0,4.0,0.0,1633528566.0,366985310.0,37.835191,-122.449469,14.682379,0.50673,-0.862105,60.0,38.0,10.0,0.0,1633528566.0,368052630.0,37.825689,-122.446764,9.454974,0.964242,0.265022,60.0,42.0,10.0,0.0,1633528566.0,368071540.0,37.817612,-122.4613,6.254805,0.997502,-0.070633,36.0,17.0,8.0,0.0,240.51666666666668,8.051666666666666,10.0
