Timestamp,MMSI,Latitude,Longitude,Speed,Course-sin,Course-cos,Length,Width,Vesseltype,Distance,Timestamp,MMSI,Latitude,Longitude,Speed,Course-sin,Course-cos,Length,Width,Vesseltype,Distance,Timestamp,MMSI,Latitude,Longitude,Speed,Course-sin,Course-cos,Length,Width,Vesseltype,Distance,WindDirection,WindSpeed,Visibility
1623691552.0,366985270.0,37.817118,-122.475169,11.234853,0.958822,0.284009,60.0,25.0,9.0,1.0,1623691552.0,367139040.0,37.81409,-122.51678,16.453336,0.952966,0.303077,90.0,0.0,0.0,1.0,1623691552.0,369140000.0,37.817098,-122.48933,10.00918,-0.916569,-0.399876,90.0,73.0,0.0,1.0,250.3333333333333,9.033333333333331,10.0
1623691553.0,366985270.0,37.817133,-122.475106,11.195759,0.959453,0.281868,60.0,25.0,9.0,0.99816,1623691553.0,367139040.0,37.814113,-122.516688,16.466026,0.953375,0.301787,90.0,0.0,0.0,0.998118,1623691553.0,369140000.0,37.817079,-122.489383,10.001418,-0.916466,-0.400114,90.0,73.0,0.0,0.998078,250.3397435897436,9.033974358974358,10.0
1623691554.0,366985270.0,37.817147,-122.475043,11.157668,0.960068,0.279766,60.0,25.0,9.0,0.996326,1623691554.0,367139040.0,37.814136,-122.516596,16.478612,0.953782,0.300499,90.0,0.0,0.0,0.996234,1623691554.0,369140000.0,37.817061,-122.489437,9.993474,-0.916355,-0.400366,90.0,73.0,0.0,0.996157,250.34615384615384,9.034615384615384,10.0
1623691555.0,366985270.0,37.817162,-122.47498,11.120577,0.960667,0.277702,60.0,25.0,9.0,0.994497,1623691555.0,367139040.0,37.814159,-122.516504,16.491093,0.954187,0.299212,90.0,0.0,0.0,0.994348,1623691555.0,369140000.0,37.817042,-122.489491,9.985349,-0.916239,-0.400632,90.0,73.0,0.0,0.994238,250.3525641025641,9.03525641025641,10.0
1623691556.0,366985270.0,37.817176,-122.474918,11.084482,0.96125,0.275679,60.0,25.0,9.0,0.992675,1623691556.0,367139040.0,37.814182,-122.516412,16.503469,0.954588,0.297928,90.0,0.0,0.0,0.992461,1623691556.0,369140000.0,37.817023,-122.489544,9.977043,-0.916116,-0.400912,90.0,73.0,0.0,0.99232,250.3589743589744,9.035897435897436,10.0
1623691557.0,366985270.0,37.81719,-122.474855,11.049379,0.961816,0.273697,60.0,25.0,9.0,0.990858,1623691557.0,367139040.0,37.814205,-122.51632,16.51574,0.954988,0.296644,90.0,0.0,0.0,0.990573,1623691557.0,369140000.0,37.817005,-122.489598,9.968556,-0.915987,-0.401207,90.0,73.0,0.0,0.990404,250.3653846153846,9.03653846153846,10.0
1623691558.0,366985270.0,37.817204,-122.474793,11.015264,0.962366,0.271758,60.0,25.0,9.0,0.989047,1623691558.0,367139040.0,37.814227,-122.516227,16.527906,0.955385,0.295363,90.0,0.0,0.0,0.988683,1623691558.0,369140000.0,37.816986,-122.489651,9.959888,-0.915852,-0.401516,90.0,73.0,0.0,0.98849,250.3717948717949,9.037179487179488,10.0
1623691559.0,366985270.0,37.817218,-122.474731,10.982135,0.962899,0.269862,60.0,25.0,9.0,0.987241,1623691559.0,367139040.0,37.81425,-122.516135,16.539967,0.95578,0.294084,90.0,0.0,0.0,0.986792,1623691559.0,369140000.0,37.816968,-122.489705,9.951039,-0.91571,-0.40184,90.0,73.0,0.0,0.986577,250.3782051282052,9.037820512820511,10.0
1623691560.0,366985270.0,37.817232,-122.474669,10.949989,0.963416,0.268011,60.0,25.0,9.0,0.985441,1623691560.0,367139040.0,37.814272,-122.516042,16.551923,0.956172,0.292806,90.0,0.0,0.0,0.984899,1623691560.0,369140000.0,37.816949,-122.489758,9.94201,-0.915562,-0.402178,90.0,73.0,0.0,0.984667,250.3846153846154,9.038461538461538,10.0
1623691561.0,366985270.0,37.817245,-122.474607,10.91882,0.963917,0.266204,60.0,25.0,9.0,0.983645,1623691561.0,367139040.0,37.814295,-122.51595,16.563773,0.956562,0.291529,90.0,0.0,0.0,0.983005,1623691561.0,369140000.0,37.816931,-122.489811,9.9328,-0.915407,-0.40253,90.0,73.0,0.0,0.982758,250.39102564102564,9.039102564102564,10.0
1623691562.0,366985270.0,37.817259,-122.474546,10.888627,0.964401,0.264445,60.0,25.0,9.0,0.981854,1623691562.0,367139040.0,37.814317,-122.515857,16.575518,0.956949,0.290255,90.0,0.0,0.0,0.981109,1623691562.0,369140000.0,37.816912,-122.489865,9.92341,-0.915245,-0.402897,90.0,73.0,0.0,0.980851,250.39743589743588,9.03974358974359,10.0
1623691563.0,366985270.0,37.817272,-122.474484,10.859406,0.964869,0.262732,60.0,25.0,9.0,0.980068,1623691563.0,367139040.0,37.814339,-122.515764,16.587158,0.957335,0.288982,90.0,0.0,0.0,0.979213,1623691563.0,369140000.0,37.816894,-122.489918,9.91384,-0.915077,-0.403279,90.0,73.0,0.0,0.978946,250.40384615384616,9.040384615384616,10.0
1623691564.0,366985270.0,37.817285,-122.474423,10.831154,0.965321,0.261068,60.0,25.0,9.0,0.978287,1623691564.0,367139040.0,37.814362,-122.515671,16.598692,0.957718,0.28771,90.0,0.0,0.0,0.977315,1623691564.0,369140000.0,37.816875,-122.489971,9.904091,-0.914902,-0.403675,90.0,73.0,0.0,0.977042,250.4102564102564,9.04102564102564,10.0
1623691565.0,366985270.0,37.817298,-122.474362,10.803867,0.965756,0.259452,60.0,25.0,9.0,0.97651,1623691565.0,367139040.0,37.814384,-122.515578,16.61012,0.958098,0.28644,90.0,0.0,0.0,0.975415,1623691565.0,369140000.0,37.816857,-122.490024,9.894162,-0.914721,-0.404086,90.0,73.0,0.0,0.975141,250.41666666666663,9.041666666666666,10.0
1623691566.0,366985270.0,37.817311,-122.4743,10.777543,0.966175,0.257887,60.0,25.0,9.0,0.974738,1623691566.0,367139040.0,37.814406,-122.515485,16.621443,0.958476,0.285172,90.0,0.0,0.0,0.973514,1623691566.0,369140000.0,37.816838,-122.490077,9.884053,-0.914533,-0.404512,90.0,73.0,0.0,0.973242,250.42307692307693,9.042307692307691,10.0
1623691567.0,366985270.0,37.817324,-122.47424,10.752179,0.966578,0.256372,60.0,25.0,9.0,0.97297,1623691567.0,367139040.0,37.814428,-122.515391,16.63266,0.958852,0.283905,90.0,0.0,0.0,0.971612,1623691567.0,369140000.0,37.81682,-122.49013,9.873883,-0.91434,-0.404948,90.0,73.0,0.0,0.971345,250.4294871794872,9.042948717948718,10.0
1623691568.0,366985270.0,37.817337,-122.474179,10.727772,0.966965,0.25491,60.0,25.0,9.0,0.971205,1623691568.0,367139040.0,37.814449,-122.515298,16.643771,0.959226,0.282639,90.0,0.0,0.0,0.969709,1623691568.0,369140000.0,37.816802,-122.490183,9.864122,-0.91415,-0.405377,90.0,73.0,0.0,0.96945,250.43589743589743,9.043589743589743,10.0
1623691569.0,366985270.0,37.81735,-122.474118,10.704318,0.967336,0.253499,60.0,25.0,9.0,0.969445,1623691569.0,367139040.0,37.814471,-122.515205,16.654776,0.959598,0.281375,90.0,0.0,0.0,0.967804,1623691569.0,369140000.0,37.816783,-122.490236,9.854888,-0.913965,-0.405794,90.0,73.0,0.0,0.967557,250.44230769230768,9.044230769230769,10.0
1623691570.0,366985270.0,37.817362,-122.474057,10.681816,0.96769,0.252142,60.0,25.0,9.0,0.967688,1623691570.0,367139040.0,37.814493,-122.515111,16.665675,0.959967,0.280112,90.0,0.0,0.0,0.965899,1623691570.0,369140000.0,37.816764,-122.490288,9.846181,-0.913785,-0.406198,90.0,73.0,0.0,0.965665,250.448717948718,9.044871794871796,10.0
1623691571.0,366985270.0,37.817375,-122.473997,10.660262,0.968029,0.250839,60.0,25.0,9.0,0.965935,1623691571.0,367139040.0,37.814514,-122.515017,16.676468,0.960334,0.278851,90.0,0.0,0.0,0.963991,1623691571.0,369140000.0,37.816746,-122.490341,9.838,-0.91361,-0.406591,90.0,73.0,0.0,0.963776,250.4551282051282,9.04551282051282,10.0
1623691572.0,366985270.0,37.817387,-122.473936,10.639654,0.968352,0.24959,60.0,25.0,9.0,0.964186,1623691572.0,367139040.0,37.814536,-122.514923,16.687154,0.960699,0.277591,90.0,0.0,0.0,0.962083,1623691572.0,369140000.0,37.816727,-122.490394,9.830345,-0.913441,-0.406971,90.0,73.0,0.0,0.961888,250.46153846153845,9.046153846153846,10.0
1623691573.0,366985270.0,37.817399,-122.473876,10.619989,0.968658,0.248397,60.0,25.0,9.0,0.962439,1623691573.0,367139040.0,37.814557,-122.51483,16.697735,0.961062,0.276333,90.0,0.0,0.0,0.960174,1623691573.0,369140000.0,37.816709,-122.490446,9.823216,-0.913277,-0.407338,90.0,73.0,0.0,0.960002,250.4679487179488,9.046794871794871,10.0
1623691574.0,366985270.0,37.817412,-122.473816,10.601266,0.968949,0.247261,60.0,25.0,9.0,0.960696,1623691574.0,367139040.0,37.814579,-122.514736,16.708209,0.961423,0.275075,90.0,0.0,0.0,0.958263,1623691574.0,369140000.0,37.81669,-122.490499,9.816613,-0.913119,-0.407694,90.0,73.0,0.0,0.958117,250.47435897435892,9.047435897435898,10.0
1623691575.0,366985270.0,37.817424,-122.473756,10.583482,0.969224,0.246181,60.0,25.0,9.0,0.958956,1623691575.0,367139040.0,37.8146,-122.514641,16.718577,0.961781,0.273819,90.0,0.0,0.0,0.956351,1623691575.0,369140000.0,37.816672,-122.490551,9.810536,-0.912966,-0.408036,90.0,73.0,0.0,0.956234,250.48076923076923,9.048076923076923,10.0
1623691576.0,366985270.0,37.817436,-122.473695,10.566634,0.969483,0.245158,60.0,25.0,9.0,0.957219,1623691576.0,367139040.0,37.814621,-122.514547,16.728839,0.962137,0.272565,90.0,0.0,0.0,0.954439,1623691576.0,369140000.0,37.816653,-122.490604,9.804985,-0.912818,-0.408366,90.0,73.0,0.0,0.954351,250.48717948717947,9.048717948717949,10.0
1623691577.0,366985270.0,37.817448,-122.473635,10.550721,0.969727,0.244194,60.0,25.0,9.0,0.955484,1623691577.0,367139040.0,37.814642,-122.514453,16.738994,0.962492,0.271311,90.0,0.0,0.0,0.952525,1623691577.0,369140000.0,37.816635,-122.490656,9.799958,-0.912676,-0.408684,90.0,73.0,0.0,0.95247,250.49358974358967,9.049358974358974,10.0
1623691578.0,366985270.0,37.81746,-122.473576,10.535741,0.969954,0.243288,60.0,25.0,9.0,0.953753,1623691578.0,367139040.0,37.814663,-122.514359,16.749042,0.962844,0.270059,90.0,0.0,0.0,0.950609,1623691578.0,369140000.0,37.816616,-122.490709,9.795458,-0.91254,-0.408988,90.0,73.0,0.0,0.95059,250.5,9.05,10.0
1623691579.0,366985270.0,37.817472,-122.473516,10.521691,0.970166,0.242441,60.0,25.0,9.0,0.952023,1623691579.0,367139040.0,37.814684,-122.514264,16.758984,0.963194,0.268808,90.0,0.0,0.0,0.948693,1623691579.0,369140000.0,37.816598,-122.490761,9.791482,-0.912409,-0.40928,90.0,73.0,0.0,0.948711,250.50641025641025,9.050641025641026,10.0
1623691580.0,366985270.0,37.817483,-122.473456,10.508571,0.970363,0.241654,60.0,25.0,9.0,0.950296,1623691580.0,367139040.0,37.814705,-122.51417,16.76882,0.963542,0.267558,90.0,0.0,0.0,0.946776,1623691580.0,369140000.0,37.816579,-122.490813,9.788031,-0.912283,-0.409559,90.0,73.0,0.0,0.946833,250.51282051282053,9.051282051282053,10.0
1623691581.0,366985270.0,37.817495,-122.473396,10.496378,0.970543,0.240926,60.0,25.0,9.0,0.948571,1623691581.0,367139040.0,37.814726,-122.514075,16.778548,0.963888,0.266309,90.0,0.0,0.0,0.944858,1623691581.0,369140000.0,37.816561,-122.490866,9.785105,-0.912164,-0.409825,90.0,73.0,0.0,0.944956,250.5192307692308,9.051923076923076,10.0
1623691582.0,366985270.0,37.817507,-122.473337,10.485111,0.970709,0.24026,60.0,25.0,9.0,0.946847,1623691582.0,367139040.0,37.814746,-122.51398,16.78817,0.964232,0.265061,90.0,0.0,0.0,0.942938,1623691582.0,369140000.0,37.816542,-122.490918,9.782704,-0.91205,-0.410079,90.0,73.0,0.0,0.943079,250.52564102564105,9.052564102564103,10.0
1623691583.0,366985270.0,37.817518,-122.473277,10.474769,0.970858,0.239654,60.0,25.0,9.0,0.945126,1623691583.0,367139040.0,37.814767,-122.513886,16.797685,0.964573,0.263815,90.0,0.0,0.0,0.941018,1623691583.0,369140000.0,37.816524,-122.49097,9.780828,-0.911942,-0.410319,90.0,73.0,0.0,0.941203,250.53205128205127,9.053205128205128,10.0
1623691584.0,366985270.0,37.81753,-122.473217,10.46535,0.970993,0.23911,60.0,25.0,9.0,0.943406,1623691584.0,367139040.0,37.814788,-122.513791,16.807093,0.964913,0.262569,90.0,0.0,0.0,0.939097,1623691584.0,369140000.0,37.816505,-122.491022,9.779476,-0.91184,-0.410546,90.0,73.0,0.0,0.939327,250.53846153846155,9.053846153846154,10.0
1623691585.0,366985270.0,37.817542,-122.473158,10.456853,0.971111,0.238627,60.0,25.0,9.0,0.941688,1623691585.0,367139040.0,37.814808,-122.513696,16.816394,0.965251,0.261324,90.0,0.0,0.0,0.937174,1623691585.0,369140000.0,37.816486,-122.491075,9.778649,-0.911744,-0.41076,90.0,73.0,0.0,0.937451,250.5448717948718,9.05448717948718,10.0
1623691586.0,366985270.0,37.817553,-122.473098,10.449278,0.971215,0.238206,60.0,25.0,9.0,0.939972,1623691586.0,367139040.0,37.814828,-122.513601,16.825588,0.965587,0.260081,90.0,0.0,0.0,0.935251,1623691586.0,369140000.0,37.816468,-122.491127,9.778346,-0.911653,-0.410961,90.0,73.0,0.0,0.935576,250.55128205128204,9.055128205128206,10.0
1623691587.0,366985270.0,37.817565,-122.473039,10.442623,0.971302,0.237848,60.0,25.0,9.0,0.938256,1623691587.0,367139040.0,37.814849,-122.513506,16.834674,0.965921,0.258838,90.0,0.0,0.0,0.933327,1623691587.0,369140000.0,37.816449,-122.491179,9.778567,-0.911568,-0.411149,90.0,73.0,0.0,0.933701,250.55769230769232,9.055769230769233,10.0
1623691588.0,366985270.0,37.817576,-122.47298,10.436888,0.971375,0.237551,60.0,25.0,9.0,0.936542,1623691588.0,367139040.0,37.814869,-122.51341,16.843654,0.966253,0.257597,90.0,0.0,0.0,0.931402,1623691588.0,369140000.0,37.816431,-122.491231,9.779313,-0.91149,-0.411323,90.0,73.0,0.0,0.931825,250.56410256410257,9.056410256410256,10.0
1623691589.0,366985270.0,37.817588,-122.47292,10.432072,0.971432,0.237318,60.0,25.0,9.0,0.934828,1623691589.0,367139040.0,37.814889,-122.513315,16.852527,0.966582,0.256356,90.0,0.0,0.0,0.929476,1623691589.0,369140000.0,37.816412,-122.491283,9.780582,-0.911417,-0.411485,90.0,73.0,0.0,0.92995,250.5705128205128,9.05705128205128,10.0
1623691590.0,366985270.0,37.817599,-122.472861,10.428174,0.971474,0.237147,60.0,25.0,9.0,0.933116,1623691590.0,367139040.0,37.814909,-122.51322,16.861293,0.96691,0.255116,90.0,0.0,0.0,0.927549,1623691590.0,369140000.0,37.816393,-122.491336,9.782376,-0.91135,-0.411633,90.0,73.0,0.0,0.928075,250.57692307692307,9.057692307692308,10.0
1623691591.0,366985270.0,37.817611,-122.472801,10.425195,0.9715,0.237039,60.0,25.0,9.0,0.931404,1623691591.0,367139040.0,37.814929,-122.513124,16.869951,0.967236,0.253877,90.0,0.0,0.0,0.925621,1623691591.0,369140000.0,37.816375,-122.491388,9.784693,-0.911289,-0.411768,90.0,73.0,0.0,0.926199,250.5833333333333,9.058333333333334,10.0
1623691592.0,366985270.0,37.817622,-122.472742,10.423133,0.971511,0.236994,60.0,25.0,9.0,0.929692,1623691592.0,367139040.0,37.814948,-122.513029,16.878502,0.967561,0.252639,90.0,0.0,0.0,0.923693,1623691592.0,369140000.0,37.816356,-122.49144,9.787534,-0.911234,-0.411889,90.0,73.0,0.0,0.924322,250.5897435897436,9.05897435897436,10.0
1623691593.0,366985270.0,37.817633,-122.472683,10.42199,0.971507,0.237013,60.0,25.0,9.0,0.927981,1623691593.0,367139040.0,37.814968,-122.512933,16.886946,0.967883,0.251402,90.0,0.0,0.0,0.921763,1623691593.0,369140000.0,37.816338,-122.491492,9.790899,-0.911185,-0.411998,90.0,73.0,0.0,0.922446,250.59615384615384,9.059615384615384,10.0
1623691594.0,366985270.0,37.817645,-122.472624,10.421764,0.971487,0.237094,60.0,25.0,9.0,0.92627,1623691594.0,367139040.0,37.814988,-122.512837,16.895282,0.968203,0.250166,90.0,0.0,0.0,0.919833,1623691594.0,369140000.0,37.816319,-122.491545,9.794788,-0.911142,-0.412093,90.0,73.0,0.0,0.920568,250.6025641025641,9.060256410256413,10.0
1623691595.0,366985270.0,37.817656,-122.472564,10.422457,0.971451,0.237238,60.0,25.0,9.0,0.924559,1623691595.0,367139040.0,37.815007,-122.512741,16.903511,0.968521,0.24893,90.0,0.0,0.0,0.917902,1623691595.0,369140000.0,37.8163,-122.491597,9.799201,-0.911105,-0.412175,90.0,73.0,0.0,0.91869,250.6089743589744,9.060897435897436,10.0
1623691596.0,366985270.0,37.817668,-122.472505,10.424068,0.971401,0.237446,60.0,25.0,9.0,0.922848,1623691596.0,367139040.0,37.815027,-122.512646,16.911632,0.968838,0.247695,90.0,0.0,0.0,0.91597,1623691596.0,369140000.0,37.816282,-122.491649,9.804137,-0.911073,-0.412244,90.0,73.0,0.0,0.916811,250.6153846153846,9.06153846153846,10.0
1623691597.0,366985270.0,37.817679,-122.472446,10.426597,0.971335,0.237716,60.0,25.0,9.0,0.921137,1623691597.0,367139040.0,37.815046,-122.51255,16.919646,0.969153,0.246461,90.0,0.0,0.0,0.914037,1623691597.0,369140000.0,37.816263,-122.491701,9.809597,-0.911048,-0.4123,90.0,73.0,0.0,0.914932,250.6217948717949,9.062179487179488,10.0
1623691598.0,366985270.0,37.817691,-122.472386,10.430046,0.971253,0.238049,60.0,25.0,9.0,0.919426,1623691598.0,367139040.0,37.815066,-122.512454,16.927553,0.969465,0.245228,90.0,0.0,0.0,0.912104,1623691598.0,369140000.0,37.816244,-122.491754,9.815581,-0.911029,-0.412342,90.0,73.0,0.0,0.913051,250.6282051282052,9.062820512820512,10.0
1623691599.0,366985270.0,37.817702,-122.472327,10.434415,0.971156,0.238444,60.0,25.0,9.0,0.917713,1623691599.0,367139040.0,37.815085,-122.512357,16.935352,0.969776,0.243995,90.0,0.0,0.0,0.91017,1623691599.0,369140000.0,37.816225,-122.491806,9.822088,-0.911016,-0.412371,90.0,73.0,0.0,0.911169,250.6346153846154,9.06346153846154,10.0
1623691600.0,366985270.0,37.817714,-122.472268,10.439705,0.971044,0.238902,60.0,25.0,9.0,0.916001,1623691600.0,367139040.0,37.815104,-122.512261,16.943043,0.970086,0.242763,90.0,0.0,0.0,0.908235,1623691600.0,369140000.0,37.816207,-122.491859,9.829119,-0.911009,-0.412387,90.0,73.0,0.0,0.909286,250.64102564102564,9.064102564102564,10.0
1623691601.0,366985270.0,37.817725,-122.472208,10.445917,0.970915,0.239422,60.0,25.0,9.0,0.914287,1623691601.0,367139040.0,37.815123,-122.512165,16.950627,0.970393,0.241532,90.0,0.0,0.0,0.9063,1623691601.0,369140000.0,37.816188,-122.491911,9.836673,-0.911007,-0.41239,90.0,73.0,0.0,0.907401,250.64743589743588,9.064743589743587,10.0
1623691602.0,366985270.0,37.817737,-122.472149,10.453052,0.970772,0.240004,60.0,25.0,9.0,0.912572,1623691602.0,367139040.0,37.815142,-122.512069,16.958103,0.970698,0.240301,90.0,0.0,0.0,0.904363,1623691602.0,369140000.0,37.816169,-122.491963,9.844751,-0.911012,-0.41238,90.0,73.0,0.0,0.905515,250.65384615384616,9.065384615384616,10.0
1623691603.0,366985270.0,37.817748,-122.472089,10.46111,0.970612,0.240648,60.0,25.0,9.0,0.910857,1623691603.0,367139040.0,37.815161,-122.511972,16.965471,0.971002,0.239071,90.0,0.0,0.0,0.902427,1623691603.0,369140000.0,37.81615,-122.492016,9.853353,-0.911023,-0.412356,90.0,73.0,0.0,0.903628,250.6602564102564,9.06602564102564,10.0
1623691604.0,366985270.0,37.81776,-122.47203,10.469936,0.970441,0.241339,60.0,25.0,9.0,0.90914,1623691604.0,367139040.0,37.815179,-122.511876,16.972732,0.971304,0.237841,90.0,0.0,0.0,0.900489,1623691604.0,369140000.0,37.816132,-122.492069,9.862478,-0.911039,-0.41232,90.0,73.0,0.0,0.901739,250.66666666666663,9.066666666666666,10.0
1623691605.0,366985270.0,37.817772,-122.47197,10.478897,0.97027,0.242024,60.0,25.0,9.0,0.907421,1623691605.0,367139040.0,37.815198,-122.511779,16.979885,0.971604,0.236612,90.0,0.0,0.0,0.898551,1623691605.0,369140000.0,37.816113,-122.492121,9.872127,-0.911061,-0.412271,90.0,73.0,0.0,0.899848,250.67307692307693,9.067307692307692,10.0
1623691606.0,366985270.0,37.817783,-122.471911,10.487832,0.970105,0.242688,60.0,25.0,9.0,0.905702,1623691606.0,367139040.0,37.815217,-122.511683,16.98693,0.971902,0.235384,90.0,0.0,0.0,0.896612,1623691606.0,369140000.0,37.816094,-122.492174,9.8823,-0.91109,-0.412208,90.0,73.0,0.0,0.897955,250.6794871794872,9.06794871794872,10.0
1623691607.0,366985270.0,37.817795,-122.471851,10.496743,0.969943,0.243331,60.0,25.0,9.0,0.90398,1623691607.0,367139040.0,37.815235,-122.511586,16.993867,0.972199,0.234156,90.0,0.0,0.0,0.894673,1623691607.0,369140000.0,37.816075,-122.492227,9.892996,-0.911124,-0.412133,90.0,73.0,0.0,0.89606,250.68589743589743,9.068589743589744,10.0
1623691608.0,366985270.0,37.817807,-122.471792,10.505628,0.969787,0.243955,60.0,25.0,9.0,0.902258,1623691608.0,367139040.0,37.815254,-122.511489,17.000697,0.972494,0.232928,90.0,0.0,0.0,0.892733,1623691608.0,369140000.0,37.816056,-122.492279,9.904216,-0.911163,-0.412045,90.0,73.0,0.0,0.894163,250.69230769230768,9.069230769230767,10.0
1623691609.0,366985270.0,37.817819,-122.471732,10.514488,0.969635,0.244558,60.0,25.0,9.0,0.900534,1623691609.0,367139040.0,37.815272,-122.511392,17.007419,0.972787,0.231701,90.0,0.0,0.0,0.890793,1623691609.0,369140000.0,37.816037,-122.492332,9.915959,-0.911209,-0.411944,90.0,73.0,0.0,0.892264,250.698717948718,9.069871794871794,10.0
1623691610.0,366985270.0,37.817831,-122.471672,10.523322,0.969488,0.245141,60.0,25.0,9.0,0.898808,1623691610.0,367139040.0,37.81529,-122.511295,17.014032,0.973078,0.230475,90.0,0.0,0.0,0.888852,1623691610.0,369140000.0,37.816018,-122.492385,9.928227,-0.91126,-0.411831,90.0,73.0,0.0,0.890363,250.7051282051282,9.07051282051282,10.0
1623691611.0,366985270.0,37.817843,-122.471613,10.532129,0.969345,0.245704,60.0,25.0,9.0,0.897081,1623691611.0,367139040.0,37.815308,-122.511198,17.020538,0.973368,0.229248,90.0,0.0,0.0,0.886911,1623691611.0,369140000.0,37.816,-122.492438,9.941018,-0.911318,-0.411704,90.0,73.0,0.0,0.888459,250.71153846153845,9.071153846153846,10.0
1623691612.0,366985270.0,37.817855,-122.471553,10.540909,0.969207,0.246246,60.0,25.0,9.0,0.895353,1623691612.0,367139040.0,37.815326,-122.511101,17.026937,0.973656,0.228023,90.0,0.0,0.0,0.884969,1623691612.0,369140000.0,37.815981,-122.492491,9.954333,-0.91138,-0.411565,90.0,73.0,0.0,0.886553,250.7179487179488,9.071794871794872,10.0
1623691613.0,366985270.0,37.817867,-122.471493,10.549662,0.969074,0.246769,60.0,25.0,9.0,0.893624,1623691613.0,367139040.0,37.815344,-122.511004,17.033227,0.973942,0.226797,90.0,0.0,0.0,0.883027,1623691613.0,369140000.0,37.815962,-122.492544,9.968173,-0.911449,-0.411414,90.0,73.0,0.0,0.884645,250.72435897435892,9.072435897435897,10.0
1623691614.0,366985270.0,37.817879,-122.471433,10.558387,0.968946,0.247272,60.0,25.0,9.0,0.891893,1623691614.0,367139040.0,37.815362,-122.510907,17.039409,0.974226,0.225572,90.0,0.0,0.0,0.881084,1623691614.0,369140000.0,37.815943,-122.492598,9.982536,-0.911523,-0.41125,90.0,73.0,0.0,0.882733,250.73076923076923,9.073076923076924,10.0
1623691615.0,366985270.0,37.817891,-122.471373,10.567084,0.968823,0.247756,60.0,25.0,9.0,0.89016,1623691615.0,367139040.0,37.81538,-122.51081,17.045483,0.974509,0.224347,90.0,0.0,0.0,0.879141,1623691615.0,369140000.0,37.815924,-122.492651,9.997423,-0.911602,-0.411074,90.0,73.0,0.0,0.880819,250.73717948717947,9.073717948717947,10.0
1623691616.0,366985270.0,37.817903,-122.471313,10.575753,0.968704,0.248219,60.0,25.0,9.0,0.888426,1623691616.0,367139040.0,37.815398,-122.510713,17.05145,0.97479,0.223123,90.0,0.0,0.0,0.877197,1623691616.0,369140000.0,37.815905,-122.492704,10.012835,-0.911687,-0.410885,90.0,73.0,0.0,0.878902,250.74358974358967,9.074358974358974,10.0
1623691617.0,366985270.0,37.817915,-122.471253,10.584394,0.96859,0.248663,60.0,25.0,9.0,0.886691,1623691617.0,367139040.0,37.815415,-122.510615,17.057308,0.97507,0.221898,90.0,0.0,0.0,0.875253,1623691617.0,369140000.0,37.815886,-122.492758,10.028771,-0.911778,-0.410684,90.0,73.0,0.0,0.876982,250.75,9.075,10.0
1623691618.0,366985270.0,37.817927,-122.471193,10.593006,0.968481,0.249087,60.0,25.0,9.0,0.884955,1623691618.0,367139040.0,37.815433,-122.510518,17.063059,0.975348,0.220674,90.0,0.0,0.0,0.873309,1623691618.0,369140000.0,37.815867,-122.492811,10.045231,-0.911873,-0.410471,90.0,73.0,0.0,0.875059,250.75641025641025,9.075641025641026,10.0
1623691619.0,366985270.0,37.817939,-122.471133,10.601588,0.968377,0.249491,60.0,25.0,9.0,0.883217,1623691619.0,367139040.0,37.81545,-122.510421,17.068701,0.975624,0.219451,90.0,0.0,0.0,0.871364,1623691619.0,369140000.0,37.815847,-122.492865,10.062215,-0.911975,-0.410246,90.0,73.0,0.0,0.873133,250.76282051282053,9.076282051282051,10.0
1623691620.0,366985270.0,37.817952,-122.471073,10.610142,0.968278,0.249876,60.0,25.0,9.0,0.881478,1623691620.0,367139040.0,37.815468,-122.510323,17.074235,0.975898,0.218227,90.0,0.0,0.0,0.869419,1623691620.0,369140000.0,37.815828,-122.492919,10.079725,-0.912081,-0.410009,90.0,73.0,0.0,0.871203,250.7692307692308,9.076923076923077,10.0
1623691621.0,366985270.0,37.817964,-122.471013,10.618665,0.968183,0.250242,60.0,25.0,9.0,0.879737,1623691621.0,367139040.0,37.815485,-122.510225,17.079662,0.976171,0.217004,90.0,0.0,0.0,0.867474,1623691621.0,369140000.0,37.815809,-122.492972,10.097759,-0.912193,-0.409761,90.0,73.0,0.0,0.86927,250.77564102564105,9.077564102564102,10.0
1623691622.0,366985270.0,37.817976,-122.470953,10.627159,0.968094,0.250588,60.0,25.0,9.0,0.877995,1623691622.0,367139040.0,37.815502,-122.510128,17.08498,0.976442,0.21578,90.0,0.0,0.0,0.865528,1623691622.0,369140000.0,37.81579,-122.493026,10.116317,-0.91231,-0.4095,90.0,73.0,0.0,0.867334,250.78205128205127,9.078205128205129,10.0
1623691623.0,366985270.0,37.817989,-122.470892,10.635623,0.968009,0.250914,60.0,25.0,9.0,0.876252,1623691623.0,367139040.0,37.815519,-122.51003,17.090191,0.976711,0.214557,90.0,0.0,0.0,0.863582,1623691623.0,369140000.0,37.815771,-122.49308,10.135401,-0.912432,-0.409228,90.0,73.0,0.0,0.865393,250.78846153846155,9.078846153846154,10.0
1623691624.0,366985270.0,37.818001,-122.470832,10.644057,0.96793,0.251221,60.0,25.0,9.0,0.874507,1623691624.0,367139040.0,37.815536,-122.509932,17.095293,0.976979,0.213334,90.0,0.0,0.0,0.861636,1623691624.0,369140000.0,37.815752,-122.493135,10.15501,-0.91256,-0.408944,90.0,73.0,0.0,0.86345,250.7948717948718,9.07948717948718,10.0
1623691625.0,366985270.0,37.818013,-122.470772,10.65246,0.967855,0.251509,60.0,25.0,9.0,0.872761,1623691625.0,367139040.0,37.815553,-122.509834,17.100287,0.977246,0.212111,90.0,0.0,0.0,0.85969,1623691625.0,369140000.0,37.815733,-122.493189,10.175144,-0.912692,-0.408649,90.0,73.0,0.0,0.861502,250.80128205128204,9.080128205128204,10.0
1623691626.0,366985270.0,37.818026,-122.470711,10.660832,0.967785,0.251778,60.0,25.0,9.0,0.871014,1623691626.0,367139040.0,37.81557,-122.509737,17.105173,0.97751,0.210888,90.0,0.0,0.0,0.857743,1623691626.0,369140000.0,37.815713,-122.493243,10.195803,-0.912829,-0.408342,90.0,73.0,0.0,0.85955,250.80769230769232,9.080769230769231,10.0
1623691627.0,366985270.0,37.818038,-122.470651,10.669173,0.96772,0.252028,60.0,25.0,9.0,0.869265,1623691627.0,367139040.0,37.815586,-122.509639,17.109952,0.977773,0.209665,90.0,0.0,0.0,0.855796,1623691627.0,369140000.0,37.815694,-122.493298,10.216987,-0.912971,-0.408024,90.0,73.0,0.0,0.857595,250.81410256410257,9.081410256410257,10.0
1623691628.0,366985270.0,37.818051,-122.47059,10.677484,0.96766,0.252259,60.0,25.0,9.0,0.867515,1623691628.0,367139040.0,37.815603,-122.509541,17.114622,0.978035,0.208442,90.0,0.0,0.0,0.853849,1623691628.0,369140000.0,37.815675,-122.493352,10.238697,-0.913118,-0.407695,90.0,73.0,0.0,0.855635,250.8205128205128,9.082051282051282,10.0
1623691629.0,366985270.0,37.818063,-122.47053,10.685763,0.967605,0.25247,60.0,25.0,9.0,0.865764,1623691629.0,367139040.0,37.815619,-122.509443,17.119184,0.978294,0.207219,90.0,0.0,0.0,0.851902,1623691629.0,369140000.0,37.815655,-122.493407,10.260933,-0.91327,-0.407355,90.0,73.0,0.0,0.853671,250.82692307692307,9.082692307692309,10.0
1623691630.0,366985270.0,37.818075,-122.470469,10.694011,0.967554,0.252663,60.0,25.0,9.0,0.864011,1623691630.0,367139040.0,37.815636,-122.509345,17.123638,0.978553,0.205997,90.0,0.0,0.0,0.849955,1623691630.0,369140000.0,37.815636,-122.493462,10.283695,-0.913426,-0.407004,90.0,73.0,0.0,0.851702,250.8333333333333,9.083333333333334,10.0
1623691631.0,366985270.0,37.818088,-122.470409,10.702228,0.967509,0.252836,60.0,25.0,9.0,0.862257,1623691631.0,367139040.0,37.815652,-122.509246,17.127984,0.978809,0.204774,90.0,0.0,0.0,0.848007,1623691631.0,369140000.0,37.815617,-122.493517,10.306983,-0.913587,-0.406642,90.0,73.0,0.0,0.84973,250.8397435897436,9.08397435897436,10.0
1623691632.0,366985270.0,37.818101,-122.470348,10.710413,0.967469,0.252991,60.0,25.0,9.0,0.860501,1623691632.0,367139040.0,37.815668,-122.509148,17.132222,0.979064,0.20355,90.0,0.0,0.0,0.84606,1623691632.0,369140000.0,37.815597,-122.493572,10.330796,-0.913753,-0.40627,90.0,73.0,0.0,0.847752,250.84615384615384,9.084615384615384,10.0
1623691633.0,366985270.0,37.818113,-122.470287,10.718566,0.967433,0.253126,60.0,25.0,9.0,0.858745,1623691633.0,367139040.0,37.815684,-122.50905,17.136352,0.979318,0.202327,90.0,0.0,0.0,0.844112,1623691633.0,369140000.0,37.815578,-122.493627,10.355137,-0.913923,-0.405887,90.0,73.0,0.0,0.84577,250.8525641025641,9.08525641025641,10.0
1623691634.0,366985270.0,37.818126,-122.470227,10.726688,0.967403,0.253243,60.0,25.0,9.0,0.856987,1623691634.0,367139040.0,37.815701,-122.508952,17.140374,0.97957,0.201104,90.0,0.0,0.0,0.842164,1623691634.0,369140000.0,37.815559,-122.493683,10.380003,-0.914098,-0.405494,90.0,73.0,0.0,0.843784,250.8589743589744,9.085897435897436,10.0
1623691635.0,366985270.0,37.818138,-122.470166,10.734778,0.967377,0.253341,60.0,25.0,9.0,0.855228,1623691635.0,367139040.0,37.815716,-122.508853,17.144288,0.97982,0.199881,90.0,0.0,0.0,0.840216,1623691635.0,369140000.0,37.815539,-122.493738,10.405396,-0.914277,-0.40509,90.0,73.0,0.0,0.841792,250.8653846153846,9.086538461538462,10.0
1623691636.0,366985270.0,37.818151,-122.470105,10.742836,0.967356,0.253421,60.0,25.0,9.0,0.853467,1623691636.0,367139040.0,37.815732,-122.508755,17.148094,0.980069,0.198657,90.0,0.0,0.0,0.838269,1623691636.0,369140000.0,37.81552,-122.493794,10.431316,-0.91446,-0.404677,90.0,73.0,0.0,0.839795,250.8717948717949,9.087179487179489,10.0
1623691637.0,366985270.0,37.818163,-122.470044,10.750862,0.96734,0.253482,60.0,25.0,9.0,0.851705,1623691637.0,367139040.0,37.815748,-122.508657,17.151792,0.980316,0.197433,90.0,0.0,0.0,0.836321,1623691637.0,369140000.0,37.8155,-122.49385,10.457568,-0.914645,-0.404259,90.0,73.0,0.0,0.837794,250.8782051282052,9.087820512820512,10.0
1623691638.0,366985270.0,37.818176,-122.469983,10.758857,0.967329,0.253524,60.0,25.0,9.0,0.849942,1623691638.0,367139040.0,37.815764,-122.508558,17.155382,0.980562,0.196209,90.0,0.0,0.0,0.834373,1623691638.0,369140000.0,37.81548,-122.493906,10.483367,-0.91482,-0.403862,90.0,73.0,0.0,0.835787,250.8846153846154,9.08846153846154,10.0
1623691639.0,366985270.0,37.818189,-122.469922,10.766819,0.967323,0.253547,60.0,25.0,9.0,0.848178,1623691639.0,367139040.0,37.815779,-122.50846,17.158864,0.980806,0.194985,90.0,0.0,0.0,0.832425,1623691639.0,369140000.0,37.815461,-122.493962,10.508519,-0.914983,-0.403492,90.0,73.0,0.0,0.833775,250.89102564102564,9.089102564102564,10.0
1623691640.0,366985270.0,37.818201,-122.469861,10.774749,0.967322,0.253552,60.0,25.0,9.0,0.846412,1623691640.0,367139040.0,37.815795,-122.508361,17.162238,0.981049,0.19376,90.0,0.0,0.0,0.830478,1623691640.0,369140000.0,37.815441,-122.494018,10.533022,-0.915135,-0.403148,90.0,73.0,0.0,0.831759,250.89743589743588,9.08974358974359,10.0
1623691641.0,366985270.0,37.818214,-122.4698,10.782647,0.967325,0.253538,60.0,25.0,9.0,0.844645,1623691641.0,367139040.0,37.81581,-122.508262,17.165504,0.98129,0.192535,90.0,0.0,0.0,0.82853,1623691641.0,369140000.0,37.815422,-122.494075,10.556877,-0.915275,-0.40283,90.0,73.0,0.0,0.829737,250.90384615384616,9.090384615384616,10.0
1623691642.0,366985270.0,37.818226,-122.469739,10.790514,0.967334,0.253506,60.0,25.0,9.0,0.842876,1623691642.0,367139040.0,37.815825,-122.508164,17.168663,0.98153,0.19131,90.0,0.0,0.0,0.826583,1623691642.0,369140000.0,37.815402,-122.494132,10.580083,-0.915403,-0.402538,90.0,73.0,0.0,0.827711,250.9102564102564,9.091025641025642,10.0
1623691643.0,366985270.0,37.818239,-122.469678,10.798348,0.967347,0.253456,60.0,25.0,9.0,0.841107,1623691643.0,367139040.0,37.815841,-122.508065,17.171713,0.981768,0.190085,90.0,0.0,0.0,0.824635,1623691643.0,369140000.0,37.815382,-122.494188,10.60264,-0.915521,-0.402271,90.0,73.0,0.0,0.825681,250.91666666666663,9.091666666666669,10.0
1623691644.0,366985270.0,37.818252,-122.469617,10.806151,0.967365,0.253387,60.0,25.0,9.0,0.839336,1623691644.0,367139040.0,37.815856,-122.507966,17.174655,0.982004,0.188859,90.0,0.0,0.0,0.822688,1623691644.0,369140000.0,37.815362,-122.494245,10.624548,-0.915626,-0.40203,90.0,73.0,0.0,0.823646,250.92307692307693,9.092307692307692,10.0
1623691645.0,366985270.0,37.818264,-122.469556,10.813921,0.967388,0.2533,60.0,25.0,9.0,0.837564,1623691645.0,367139040.0,37.815871,-122.507868,17.17749,0.982239,0.187633,90.0,0.0,0.0,0.820741,1623691645.0,369140000.0,37.815343,-122.494302,10.645806,-0.915721,-0.401814,90.0,73.0,0.0,0.821607,250.9294871794872,9.092948717948715,10.0
1623691646.0,366985270.0,37.818277,-122.469494,10.82166,0.967416,0.253194,60.0,25.0,9.0,0.835791,1623691646.0,367139040.0,37.815886,-122.507769,17.180216,0.982473,0.186406,90.0,0.0,0.0,0.818794,1623691646.0,369140000.0,37.815323,-122.494359,10.666415,-0.915805,-0.401624,90.0,73.0,0.0,0.819563,250.93589743589743,9.093589743589744,10.0
1623691647.0,366985270.0,37.81829,-122.469433,10.829367,0.967448,0.25307,60.0,25.0,9.0,0.834016,1623691647.0,367139040.0,37.815901,-122.50767,17.182835,0.982705,0.185179,90.0,0.0,0.0,0.816847,1623691647.0,369140000.0,37.815303,-122.494416,10.686373,-0.915878,-0.401458,90.0,73.0,0.0,0.817516,250.94230769230768,9.09423076923077,10.0
1623691648.0,366985270.0,37.818302,-122.469372,10.837042,0.967485,0.252928,60.0,25.0,9.0,0.83224,1623691648.0,367139040.0,37.815915,-122.507571,17.185346,0.982935,0.183951,90.0,0.0,0.0,0.814901,1623691648.0,369140000.0,37.815283,-122.494474,10.705681,-0.915939,-0.401317,90.0,73.0,0.0,0.815465,250.948717948718,9.094871794871796,10.0
1623691649.0,366985270.0,37.818315,-122.46931,10.844686,0.967527,0.252767,60.0,25.0,9.0,0.830463,1623691649.0,367139040.0,37.81593,-122.507472,17.187749,0.983164,0.182723,90.0,0.0,0.0,0.812954,1623691649.0,369140000.0,37.815263,-122.494531,10.724339,-0.915991,-0.4012,90.0,73.0,0.0,0.81341,250.9551282051282,9.09551282051282,10.0
1623691650.0,366985270.0,37.818328,-122.469249,10.852298,0.967574,0.252589,60.0,25.0,9.0,0.828685,1623691650.0,367139040.0,37.815944,-122.507373,17.190045,0.983392,0.181495,90.0,0.0,0.0,0.811008,1623691650.0,369140000.0,37.815243,-122.494589,10.742347,-0.916031,-0.401108,90.0,73.0,0.0,0.811351,250.96153846153845,9.096153846153848,10.0
1623691651.0,366985270.0,37.818341,-122.469187,10.859879,0.967625,0.252392,60.0,25.0,9.0,0.826905,1623691651.0,367139040.0,37.815959,-122.507274,17.192233,0.983618,0.180266,90.0,0.0,0.0,0.809063,1623691651.0,369140000.0,37.815224,-122.494646,10.759704,-0.916061,-0.40104,90.0,73.0,0.0,0.809289,250.9679487179488,9.096794871794872,10.0
1623691652.0,366985270.0,37.818353,-122.469126,10.867428,0.967681,0.252177,60.0,25.0,9.0,0.825124,1623691652.0,367139040.0,37.815973,-122.507175,17.194313,0.983842,0.179036,90.0,0.0,0.0,0.807117,1623691652.0,369140000.0,37.815204,-122.494704,10.776411,-0.91608,-0.400996,90.0,73.0,0.0,0.807224,250.97435897435892,9.097435897435895,10.0
1623691653.0,366985270.0,37.818366,-122.469064,10.874947,0.967742,0.251945,60.0,25.0,9.0,0.823342,1623691653.0,367139040.0,37.815987,-122.507076,17.196285,0.984066,0.177806,90.0,0.0,0.0,0.805172,1623691653.0,369140000.0,37.815184,-122.494762,10.792467,-0.916088,-0.400976,90.0,73.0,0.0,0.805156,250.98076923076923,9.098076923076922,10.0
1623691654.0,366985270.0,37.818379,-122.469003,10.882434,0.967807,0.251694,60.0,25.0,9.0,0.821559,1623691654.0,367139040.0,37.816002,-122.506977,17.19815,0.984287,0.176575,90.0,0.0,0.0,0.803227,1623691654.0,369140000.0,37.815164,-122.49482,10.807873,-0.916086,-0.400981,90.0,73.0,0.0,0.803084,250.98717948717947,9.09871794871795,10.0
1623691655.0,366985270.0,37.818391,-122.468941,10.889891,0.967877,0.251425,60.0,25.0,9.0,0.819774,1623691655.0,367139040.0,37.816016,-122.506878,17.199907,0.984507,0.175344,90.0,0.0,0.0,0.801283,1623691655.0,369140000.0,37.815144,-122.494878,10.822628,-0.916074,-0.401009,90.0,73.0,0.0,0.80101,250.99358974358967,9.099358974358974,10.0
1623691656.0,366985270.0,37.818404,-122.468879,10.897317,0.967951,0.251138,60.0,25.0,9.0,0.817989,1623691656.0,367139040.0,37.81603,-122.506779,17.201556,0.984726,0.174112,90.0,0.0,0.0,0.799339,1623691656.0,369140000.0,37.815123,-122.494936,10.836732,-0.916052,-0.401061,90.0,73.0,0.0,0.798932,251.0,9.1,10.0
1623691657.0,366985270.0,37.818417,-122.468817,10.904713,0.96803,0.250833,60.0,25.0,9.0,0.816202,1623691657.0,367139040.0,37.816043,-122.506679,17.203098,0.984943,0.172879,90.0,0.0,0.0,0.797395,1623691657.0,369140000.0,37.815103,-122.494994,10.850186,-0.916018,-0.401136,90.0,73.0,0.0,0.796852,251.00641025641025,9.100641025641025,10.0
1623691658.0,366985270.0,37.818429,-122.468756,10.912078,0.968114,0.25051,60.0,25.0,9.0,0.814413,1623691658.0,367139040.0,37.816057,-122.50658,17.204533,0.985159,0.171646,90.0,0.0,0.0,0.795452,1623691658.0,369140000.0,37.815083,-122.495052,10.86299,-0.915975,-0.401235,90.0,73.0,0.0,0.79477,251.01282051282053,9.101282051282052,10.0
1623691659.0,366985270.0,37.818442,-122.468694,10.919413,0.968202,0.250169,60.0,25.0,9.0,0.812624,1623691659.0,367139040.0,37.816071,-122.506481,17.205859,0.985373,0.170412,90.0,0.0,0.0,0.793509,1623691659.0,369140000.0,37.815063,-122.49511,10.875143,-0.915921,-0.401358,90.0,73.0,0.0,0.792685,251.0192307692308,9.101923076923075,10.0
1623691660.0,366985270.0,37.818455,-122.468632,10.926719,0.968295,0.249811,60.0,25.0,9.0,0.810833,1623691660.0,367139040.0,37.816084,-122.506382,17.207079,0.985586,0.169177,90.0,0.0,0.0,0.791567,1623691660.0,369140000.0,37.815043,-122.495169,10.886646,-0.915857,-0.401504,90.0,73.0,0.0,0.790598,251.02564102564105,9.102564102564102,10.0
1623691661.0,366985270.0,37.818467,-122.46857,10.933995,0.968392,0.249434,60.0,25.0,9.0,0.809042,1623691661.0,367139040.0,37.816098,-122.506282,17.208191,0.985797,0.167942,90.0,0.0,0.0,0.789625,1623691661.0,369140000.0,37.815023,-122.495227,10.897499,-0.915783,-0.401673,90.0,73.0,0.0,0.788508,251.03205128205127,9.103205128205127,10.0
1623691662.0,366985270.0,37.81848,-122.468508,10.941241,0.968493,0.24904,60.0,25.0,9.0,0.807249,1623691662.0,367139040.0,37.816111,-122.506183,17.209196,0.986007,0.166706,90.0,0.0,0.0,0.787684,1623691662.0,369140000.0,37.815002,-122.495286,10.907702,-0.915699,-0.401866,90.0,73.0,0.0,0.786417,251.03846153846155,9.103846153846154,10.0
1623691663.0,366985270.0,37.818492,-122.468446,10.948459,0.968599,0.248628,60.0,25.0,9.0,0.805455,1623691663.0,367139040.0,37.816125,-122.506084,17.210093,0.986215,0.165468,90.0,0.0,0.0,0.785743,1623691663.0,369140000.0,37.814982,-122.495344,10.917255,-0.915604,-0.402082,90.0,73.0,0.0,0.784324,251.0448717948718,9.10448717948718,10.0
1623691664.0,366985270.0,37.818505,-122.468384,10.955647,0.968709,0.248198,60.0,25.0,9.0,0.803659,1623691664.0,367139040.0,37.816138,-122.505984,17.210883,0.986422,0.164231,90.0,0.0,0.0,0.783803,1623691664.0,369140000.0,37.814962,-122.495403,10.926159,-0.915499,-0.402321,90.0,73.0,0.0,0.782229,251.05128205128204,9.105128205128205,10.0
1623691665.0,366985270.0,37.818518,-122.468322,10.962807,0.968824,0.24775,60.0,25.0,9.0,0.801863,1623691665.0,367139040.0,37.816151,-122.505885,17.211566,0.986627,0.162992,90.0,0.0,0.0,0.781863,1623691665.0,369140000.0,37.814941,-122.495461,10.934413,-0.915383,-0.402584,90.0,73.0,0.0,0.780132,251.05769230769232,9.10576923076923,10.0
1623691666.0,366985270.0,37.81853,-122.468259,10.969938,0.968943,0.247285,60.0,25.0,9.0,0.800065,1623691666.0,367139040.0,37.816164,-122.505785,17.212141,0.986831,0.161752,90.0,0.0,0.0,0.779924,1623691666.0,369140000.0,37.814921,-122.49552,10.942018,-0.915257,-0.402869,90.0,73.0,0.0,0.778034,251.06410256410257,9.106410256410255,10.0
1623691667.0,366985270.0,37.818543,-122.468197,10.977042,0.969066,0.246802,60.0,25.0,9.0,0.798266,1623691667.0,367139040.0,37.816177,-122.505686,17.212609,0.987034,0.160512,90.0,0.0,0.0,0.777986,1623691667.0,369140000.0,37.814901,-122.495578,10.948975,-0.915121,-0.403179,90.0,73.0,0.0,0.775934,251.0705128205128,9.107051282051282,10.0
1623691668.0,366985270.0,37.818555,-122.468135,10.984118,0.969193,0.246302,60.0,25.0,9.0,0.796466,1623691668.0,367139040.0,37.816189,-122.505586,17.212971,0.987235,0.15927,90.0,0.0,0.0,0.776048,1623691668.0,369140000.0,37.81488,-122.495637,10.955282,-0.914975,-0.403511,90.0,73.0,0.0,0.773833,251.07692307692307,9.107692307692307,10.0
1623691669.0,366985270.0,37.818568,-122.468072,10.991166,0.969325,0.245783,60.0,25.0,9.0,0.794665,1623691669.0,367139040.0,37.816202,-122.505487,17.213225,0.987435,0.158028,90.0,0.0,0.0,0.774111,1623691669.0,369140000.0,37.81486,-122.495696,10.960942,-0.914818,-0.403866,90.0,73.0,0.0,0.771731,251.0833333333333,9.108333333333333,10.0
1623691670.0,366985270.0,37.81858,-122.46801,10.998188,0.969461,0.245247,60.0,25.0,9.0,0.792863,1623691670.0,367139040.0,37.816215,-122.505387,17.213372,0.987633,0.156784,90.0,0.0,0.0,0.772174,1623691670.0,369140000.0,37.814839,-122.495755,10.965954,-0.914651,-0.404245,90.0,73.0,0.0,0.769629,251.0897435897436,9.10897435897436,10.0
1623691671.0,366985270.0,37.818593,-122.467948,11.005182,0.9696,0.244694,60.0,25.0,9.0,0.791059,1623691671.0,367139040.0,37.816227,-122.505288,17.213412,0.98783,0.15554,90.0,0.0,0.0,0.770238,1623691671.0,369140000.0,37.814819,-122.495813,10.970318,-0.914473,-0.404647,90.0,73.0,0.0,0.767525,251.09615384615384,9.109615384615385,10.0
1623691672.0,366985270.0,37.818605,-122.467885,11.01215,0.969744,0.244123,60.0,25.0,9.0,0.789255,1623691672.0,367139040.0,37.81624,-122.505188,17.213345,0.988025,0.154295,90.0,0.0,0.0,0.768303,1623691672.0,369140000.0,37.814798,-122.495872,10.974035,-0.914285,-0.405073,90.0,73.0,0.0,0.76542,251.1025641025641,9.11025641025641,10.0
1623691673.0,366985270.0,37.818618,-122.467823,11.019093,0.969892,0.243534,60.0,25.0,9.0,0.787449,1623691673.0,367139040.0,37.816252,-122.505089,17.213172,0.988219,0.153048,90.0,0.0,0.0,0.766369,1623691673.0,369140000.0,37.814778,-122.495931,10.977105,-0.914086,-0.405521,90.0,73.0,0.0,0.763315,251.1089743589744,9.110897435897437,10.0
1623691674.0,366985270.0,37.81863,-122.46776,11.026007,0.970042,0.242936,60.0,25.0,9.0,0.785642,1623691674.0,367139040.0,37.816264,-122.504989,17.212891,0.988411,0.151801,90.0,0.0,0.0,0.764436,1623691674.0,369140000.0,37.814757,-122.49599,10.979528,-0.913876,-0.405993,90.0,73.0,0.0,0.76121,251.1153846153846,9.111538461538462,10.0
1623691675.0,366985270.0,37.818642,-122.467697,11.032882,0.970186,0.242362,60.0,25.0,9.0,0.783834,1623691675.0,367139040.0,37.816276,-122.504889,17.212504,0.988602,0.150552,90.0,0.0,0.0,0.762503,1623691675.0,369140000.0,37.814736,-122.496048,10.981306,-0.913656,-0.406489,90.0,73.0,0.0,0.759104,251.1217948717949,9.112179487179487,10.0
1623691676.0,366985270.0,37.818655,-122.467635,11.039717,0.970321,0.24182,60.0,25.0,9.0,0.782025,1623691676.0,367139040.0,37.816288,-122.50479,17.21201,0.988792,0.149303,90.0,0.0,0.0,0.760571,1623691676.0,369140000.0,37.814716,-122.496107,10.982439,-0.913425,-0.407008,90.0,73.0,0.0,0.756998,251.1282051282052,9.112820512820512,10.0
1623691677.0,366985270.0,37.818667,-122.467572,11.046509,0.970448,0.241309,60.0,25.0,9.0,0.780215,1623691677.0,367139040.0,37.8163,-122.50469,17.211397,0.988978,0.148061,90.0,0.0,0.0,0.75864,1623691677.0,369140000.0,37.814695,-122.496166,10.982926,-0.913183,-0.407551,90.0,73.0,0.0,0.754891,251.1346153846154,9.113461538461538,10.0
1623691678.0,366985270.0,37.818679,-122.467509,11.053258,0.970567,0.240831,60.0,25.0,9.0,0.778404,1623691678.0,367139040.0,37.816312,-122.50459,17.210619,0.989157,0.146865,90.0,0.0,0.0,0.75671,1623691678.0,369140000.0,37.814674,-122.496225,10.982769,-0.91293,-0.408117,90.0,73.0,0.0,0.752785,251.14102564102564,9.114102564102565,10.0
1623691679.0,366985270.0,37.818692,-122.467446,11.059965,0.970678,0.240384,60.0,25.0,9.0,0.776591,1623691679.0,367139040.0,37.816323,-122.504491,17.209658,0.989325,0.145724,90.0,0.0,0.0,0.75478,1623691679.0,369140000.0,37.814654,-122.496283,10.981967,-0.912666,-0.408707,90.0,73.0,0.0,0.750679,251.14743589743588,9.11474358974359,10.0
1623691680.0,366985270.0,37.818704,-122.467383,11.066628,0.970781,0.239969,60.0,25.0,9.0,0.774778,1623691680.0,367139040.0,37.816335,-122.504391,17.208513,0.989485,0.144637,90.0,0.0,0.0,0.752852,1623691680.0,369140000.0,37.814633,-122.496342,10.980523,-0.912391,-0.409321,90.0,73.0,0.0,0.748574,251.15384615384616,9.115384615384617,10.0
1623691681.0,366985270.0,37.818716,-122.467321,11.073247,0.970875,0.239585,60.0,25.0,9.0,0.772963,1623691681.0,367139040.0,37.816347,-122.504291,17.207181,0.989635,0.143604,90.0,0.0,0.0,0.750924,1623691681.0,369140000.0,37.814612,-122.496401,10.978435,-0.912104,-0.409958,90.0,73.0,0.0,0.746468,251.1602564102564,9.11602564102564,10.0
1623691682.0,366985270.0,37.818729,-122.467258,11.079822,0.970962,0.239233,60.0,25.0,9.0,0.771148,1623691682.0,367139040.0,37.816358,-122.504191,17.205657,0.989777,0.142627,90.0,0.0,0.0,0.748998,1623691682.0,369140000.0,37.814591,-122.496459,10.975706,-0.911807,-0.41062,90.0,73.0,0.0,0.744364,251.16666666666663,9.116666666666667,10.0
1623691683.0,366985270.0,37.818741,-122.467195,11.086351,0.971041,0.238912,60.0,25.0,9.0,0.769331,1623691683.0,367139040.0,37.816369,-122.504092,17.20394,0.989909,0.141703,90.0,0.0,0.0,0.747072,1623691683.0,369140000.0,37.81457,-122.496518,10.972334,-0.911497,-0.411306,90.0,73.0,0.0,0.74226,251.17307692307693,9.117307692307692,10.0
1623691684.0,366985270.0,37.818753,-122.467132,11.092835,0.971112,0.238623,60.0,25.0,9.0,0.767513,1623691684.0,367139040.0,37.816381,-122.503992,17.202026,0.990033,0.140835,90.0,0.0,0.0,0.745147,1623691684.0,369140000.0,37.81455,-122.496576,10.968322,-0.911177,-0.412016,90.0,73.0,0.0,0.740157,251.1794871794872,9.117948717948718,10.0
1623691685.0,366985270.0,37.818765,-122.467068,11.099274,0.971175,0.238366,60.0,25.0,9.0,0.765694,1623691685.0,367139040.0,37.816392,-122.503892,17.199914,0.990149,0.140021,90.0,0.0,0.0,0.743223,1623691685.0,369140000.0,37.814529,-122.496635,10.96367,-0.910844,-0.41275,90.0,73.0,0.0,0.738055,251.18589743589743,9.118589743589745,10.0
1623691686.0,366985270.0,37.818778,-122.467005,11.105667,0.971231,0.238139,60.0,25.0,9.0,0.763875,1623691686.0,367139040.0,37.816403,-122.503792,17.1976,0.990256,0.139262,90.0,0.0,0.0,0.7413,1623691686.0,369140000.0,37.814508,-122.496693,10.958378,-0.9105,-0.413509,90.0,73.0,0.0,0.735954,251.19230769230768,9.11923076923077,10.0
1623691687.0,366985270.0,37.81879,-122.466942,11.112014,0.971279,0.237945,60.0,25.0,9.0,0.762054,1623691687.0,367139040.0,37.816414,-122.503693,17.195083,0.990354,0.138557,90.0,0.0,0.0,0.739378,1623691687.0,369140000.0,37.814487,-122.496752,10.952447,-0.910144,-0.414293,90.0,73.0,0.0,0.733854,251.198717948718,9.119871794871797,10.0
1623691688.0,366985270.0,37.818802,-122.466879,11.118315,0.971319,0.237781,60.0,25.0,9.0,0.760232,1623691688.0,367139040.0,37.816425,-122.503593,17.192361,0.990445,0.137908,90.0,0.0,0.0,0.737457,1623691688.0,369140000.0,37.814466,-122.49681,10.945878,-0.909775,-0.415101,90.0,73.0,0.0,0.731756,251.2051282051282,9.12051282051282,10.0
1623691689.0,366985270.0,37.818814,-122.466816,11.124569,0.971351,0.237648,60.0,25.0,9.0,0.758409,1623691689.0,367139040.0,37.816436,-122.503493,17.189431,0.990528,0.137312,90.0,0.0,0.0,0.735537,1623691689.0,369140000.0,37.814445,-122.496869,10.938672,-0.909395,-0.415934,90.0,73.0,0.0,0.729659,251.21153846153845,9.121153846153844,10.0
1623691690.0,366985270.0,37.818827,-122.466752,11.130776,0.971376,0.237547,60.0,25.0,9.0,0.756585,1623691690.0,367139040.0,37.816447,-122.503394,17.186292,0.990603,0.136772,90.0,0.0,0.0,0.733618,1623691690.0,369140000.0,37.814424,-122.496927,10.93083,-0.909002,-0.416793,90.0,73.0,0.0,0.727563,251.2179487179488,9.121794871794872,10.0
1623691691.0,366985270.0,37.818839,-122.466689,11.136937,0.971393,0.237477,60.0,25.0,9.0,0.754761,1623691691.0,367139040.0,37.816458,-122.503294,17.182943,0.990669,0.136286,90.0,0.0,0.0,0.7317,1623691691.0,369140000.0,37.814403,-122.496985,10.922352,-0.908596,-0.417676,90.0,73.0,0.0,0.72547,251.22435897435892,9.122435897435896,10.0
1623691692.0,366985270.0,37.818851,-122.466626,11.143051,0.971403,0.237438,60.0,25.0,9.0,0.752935,1623691692.0,367139040.0,37.816469,-122.503194,17.179382,0.990729,0.135855,90.0,0.0,0.0,0.729783,1623691692.0,369140000.0,37.814382,-122.497043,10.913239,-0.908177,-0.418585,90.0,73.0,0.0,0.723378,251.23076923076923,9.123076923076924,10.0
1623691693.0,366985270.0,37.818863,-122.466562,11.149118,0.971405,0.23743,60.0,25.0,9.0,0.751108,1623691693.0,367139040.0,37.81648,-122.503095,17.175607,0.99078,0.135479,90.0,0.0,0.0,0.727867,1623691693.0,369140000.0,37.81436,-122.497101,10.903493,-0.907746,-0.41952,90.0,73.0,0.0,0.721288,251.23717948717947,9.12371794871795,10.0
1623691694.0,366985270.0,37.818876,-122.466499,11.155139,0.971399,0.237453,60.0,25.0,9.0,0.749281,1623691694.0,367139040.0,37.81649,-122.502995,17.171618,0.990824,0.135158,90.0,0.0,0.0,0.725952,1623691694.0,369140000.0,37.814339,-122.497159,10.893114,-0.907302,-0.420481,90.0,73.0,0.0,0.719201,251.24358974358967,9.124358974358977,10.0
1623691695.0,366985270.0,37.818888,-122.466435,11.161112,0.971386,0.237507,60.0,25.0,9.0,0.747452,1623691695.0,367139040.0,37.816501,-122.502895,17.167415,0.99086,0.134891,90.0,0.0,0.0,0.724038,1623691695.0,369140000.0,37.814318,-122.497217,10.882102,-0.906844,-0.421467,90.0,73.0,0.0,0.717115,251.25,9.125,10.0
1623691696.0,366985270.0,37.8189,-122.466372,11.167039,0.971365,0.237591,60.0,25.0,9.0,0.745622,1623691696.0,367139040.0,37.816512,-122.502796,17.162995,0.990889,0.13468,90.0,0.0,0.0,0.722125,1623691696.0,369140000.0,37.814297,-122.497275,10.87046,-0.906372,-0.42248,90.0,73.0,0.0,0.715032,251.25641025641025,9.125641025641023,10.0
1623691697.0,366985270.0,37.818912,-122.466308,11.172919,0.971337,0.237707,60.0,25.0,9.0,0.743792,1623691697.0,367139040.0,37.816522,-122.502696,17.158358,0.99091,0.134523,90.0,0.0,0.0,0.720213,1623691697.0,369140000.0,37.814276,-122.497333,10.858188,-0.905887,-0.423519,90.0,73.0,0.0,0.712952,251.26282051282053,9.12628205128205,10.0
1623691698.0,366985270.0,37.818925,-122.466245,11.178752,0.971301,0.237853,60.0,25.0,9.0,0.741961,1623691698.0,367139040.0,37.816533,-122.502596,17.153504,0.990924,0.134422,90.0,0.0,0.0,0.718302,1623691698.0,369140000.0,37.814254,-122.49739,10.845288,-0.905388,-0.424586,90.0,73.0,0.0,0.710874,251.2692307692308,9.126923076923076,10.0
1623691699.0,366985270.0,37.818937,-122.466181,11.184539,0.971258,0.23803,60.0,25.0,9.0,0.740128,1623691699.0,367139040.0,37.816544,-122.502497,17.148433,0.990931,0.134375,90.0,0.0,0.0,0.716393,1623691699.0,369140000.0,37.814233,-122.497448,10.831759,-0.904874,-0.425679,90.0,73.0,0.0,0.708799,251.27564102564105,9.127564102564104,10.0
1623691700.0,366985270.0,37.818949,-122.466118,11.19028,0.971207,0.238238,60.0,25.0,9.0,0.738295,1623691700.0,367139040.0,37.816554,-122.502397,17.143145,0.990929,0.134383,90.0,0.0,0.0,0.714484,1623691700.0,369140000.0,37.814212,-122.497505,10.817604,-0.904347,-0.426799,90.0,73.0,0.0,0.706727,251.28205128205127,9.128205128205128,10.0
1623691701.0,366985270.0,37.818962,-122.466054,11.195974,0.971148,0.238476,60.0,25.0,9.0,0.736461,1623691701.0,367139040.0,37.816565,-122.502298,17.137639,0.990921,0.134447,90.0,0.0,0.0,0.712576,1623691701.0,369140000.0,37.81419,-122.497562,10.802824,-0.903804,-0.427946,90.0,73.0,0.0,0.704658,251.28846153846155,9.128846153846156,10.0
1623691702.0,366985270.0,37.818974,-122.46599,11.201624,0.971082,0.238745,60.0,25.0,9.0,0.734626,1623691702.0,367139040.0,37.816576,-122.502198,17.131916,0.990905,0.134565,90.0,0.0,0.0,0.71067,1623691702.0,369140000.0,37.814169,-122.49762,10.78742,-0.903247,-0.429122,90.0,73.0,0.0,0.702592,251.2948717948718,9.12948717948718,10.0
1623691703.0,366985270.0,37.818986,-122.465927,11.207227,0.971009,0.239044,60.0,25.0,9.0,0.73279,1623691703.0,367139040.0,37.816586,-122.502099,17.125976,0.990881,0.134739,90.0,0.0,0.0,0.708764,1623691703.0,369140000.0,37.814148,-122.497677,10.771393,-0.902674,-0.430325,90.0,73.0,0.0,0.700529,251.30128205128204,9.130128205128203,10.0
1623691704.0,366985270.0,37.818999,-122.465863,11.212786,0.970927,0.239374,60.0,25.0,9.0,0.730953,1623691704.0,367139040.0,37.816597,-122.502,17.119819,0.99085,0.134968,90.0,0.0,0.0,0.70686,1623691704.0,369140000.0,37.814126,-122.497734,10.754744,-0.902086,-0.431557,90.0,73.0,0.0,0.69847,251.30769230769232,9.13076923076923,10.0
1623691705.0,366985270.0,37.819011,-122.465799,11.2183,0.970839,0.239734,60.0,25.0,9.0,0.729116,1623691705.0,367139040.0,37.816608,-122.5019,17.113447,0.990811,0.135253,90.0,0.0,0.0,0.704957,1623691705.0,369140000.0,37.814105,-122.49779,10.737475,-0.901482,-0.432817,90.0,73.0,0.0,0.696414,251.31410256410257,9.131410256410255,10.0
1623691706.0,366985270.0,37.819024,-122.465735,11.223769,0.970742,0.240125,60.0,25.0,9.0,0.727277,1623691706.0,367139040.0,37.816618,-122.501801,17.10686,0.990765,0.135593,90.0,0.0,0.0,0.703055,1623691706.0,369140000.0,37.814083,-122.497847,10.719587,-0.900862,-0.434106,90.0,73.0,0.0,0.694363,251.3205128205128,9.132051282051282,10.0
1623691707.0,366985270.0,37.819036,-122.465671,11.229195,0.970638,0.240546,60.0,25.0,9.0,0.725438,1623691707.0,367139040.0,37.816629,-122.501702,17.100058,0.99071,0.135988,90.0,0.0,0.0,0.701154,1623691707.0,369140000.0,37.814062,-122.497904,10.701082,-0.900226,-0.435424,90.0,73.0,0.0,0.692314,251.32692307692307,9.132692307692308,10.0
1623691708.0,366985270.0,37.819048,-122.465608,11.234577,0.970526,0.240997,60.0,25.0,9.0,0.723598,1623691708.0,367139040.0,37.81664,-122.501602,17.093044,0.990648,0.136439,90.0,0.0,0.0,0.699254,1623691708.0,369140000.0,37.81404,-122.49796,10.682014,-0.899577,-0.436761,90.0,73.0,0.0,0.69027,251.3333333333333,9.133333333333333,10.0
1623691709.0,366985270.0,37.819061,-122.465544,11.239916,0.970406,0.241478,60.0,25.0,9.0,0.721757,1623691709.0,367139040.0,37.816651,-122.501503,17.085819,0.990579,0.136946,90.0,0.0,0.0,0.697355,1623691709.0,369140000.0,37.814018,-122.498016,10.662597,-0.898937,-0.438079,90.0,73.0,0.0,0.68823,251.3397435897436,9.13397435897436,10.0
1623691710.0,366985270.0,37.819074,-122.46548,11.245213,0.970279,0.24199,60.0,25.0,9.0,0.719915,1623691710.0,367139040.0,37.816662,-122.501404,17.078383,0.990501,0.137508,90.0,0.0,0.0,0.695457,1623691710.0,369140000.0,37.813997,-122.498072,10.642883,-0.898308,-0.439366,90.0,73.0,0.0,0.686194,251.34615384615384,9.134615384615383,10.0
1623691711.0,366985270.0,37.819086,-122.465416,11.250467,0.970144,0.242531,60.0,25.0,9.0,0.718072,1623691711.0,367139040.0,37.816672,-122.501305,17.070739,0.990415,0.138127,90.0,0.0,0.0,0.693561,1623691711.0,369140000.0,37.813975,-122.498128,10.62287,-0.897692,-0.440624,90.0,73.0,0.0,0.684162,251.3525641025641,9.13525641025641,10.0
1623691712.0,366985270.0,37.819099,-122.465352,11.255681,0.97,0.243103,60.0,25.0,9.0,0.716229,1623691712.0,367139040.0,37.816683,-122.501206,17.062888,0.99032,0.138801,90.0,0.0,0.0,0.691665,1623691712.0,369140000.0,37.813954,-122.498184,10.602557,-0.897089,-0.441851,90.0,73.0,0.0,0.682134,251.3589743589744,9.135897435897435,10.0
1623691713.0,366985270.0,37.819111,-122.465288,11.260854,0.969849,0.243705,60.0,25.0,9.0,0.714385,1623691713.0,367139040.0,37.816694,-122.501107,17.054833,0.990218,0.13953,90.0,0.0,0.0,0.689771,1623691713.0,369140000.0,37.813932,-122.49824,10.581942,-0.896498,-0.443048,90.0,73.0,0.0,0.680111,251.3653846153846,9.136538461538462,10.0
1623691714.0,366985270.0,37.819124,-122.465224,11.265987,0.96969,0.244337,60.0,25.0,9.0,0.71254,1623691714.0,367139040.0,37.816705,-122.501008,17.046575,0.990107,0.140316,90.0,0.0,0.0,0.687878,1623691714.0,369140000.0,37.81391,-122.498296,10.561023,-0.89592,-0.444215,90.0,73.0,0.0,0.678092,251.3717948717949,9.137179487179488,10.0
1623691715.0,366985270.0,37.819137,-122.46516,11.27108,0.969523,0.244998,60.0,25.0,9.0,0.710694,1623691715.0,367139040.0,37.816716,-122.500909,17.038117,0.989987,0.141159,90.0,0.0,0.0,0.685986,1623691715.0,369140000.0,37.813888,-122.498351,10.5398,-0.895356,-0.445351,90.0,73.0,0.0,0.676077,251.3782051282052,9.137820512820513,10.0
1623691716.0,366985270.0,37.81915,-122.465096,11.276135,0.969348,0.24569,60.0,25.0,9.0,0.708847,1623691716.0,367139040.0,37.816728,-122.500811,17.029461,0.989858,0.142057,90.0,0.0,0.0,0.684095,1623691716.0,369140000.0,37.813867,-122.498406,10.518271,-0.894805,-0.446458,90.0,73.0,0.0,0.674067,251.3846153846154,9.138461538461538,10.0
1623691717.0,366985270.0,37.819162,-122.465032,11.281152,0.969165,0.246412,60.0,25.0,9.0,0.707,1623691717.0,367139040.0,37.816739,-122.500712,17.02061,0.989721,0.143012,90.0,0.0,0.0,0.682206,1623691717.0,369140000.0,37.813845,-122.498461,10.496434,-0.894267,-0.447535,90.0,73.0,0.0,0.672061,251.39102564102564,9.139102564102563,10.0
1623691718.0,366985270.0,37.819175,-122.464968,11.286132,0.968974,0.247163,60.0,25.0,9.0,0.705152,1623691718.0,367139040.0,37.81675,-122.500613,17.011566,0.989574,0.144023,90.0,0.0,0.0,0.680317,1623691718.0,369140000.0,37.813823,-122.498516,10.474288,-0.893742,-0.448581,90.0,73.0,0.0,0.67006,251.39743589743588,9.13974358974359,10.0
1623691719.0,366985270.0,37.819188,-122.464904,11.291076,0.968774,0.247944,60.0,25.0,9.0,0.703303,1623691719.0,367139040.0,37.816761,-122.500515,17.002333,0.989418,0.14509,90.0,0.0,0.0,0.67843,1623691719.0,369140000.0,37.813802,-122.498571,10.451832,-0.893232,-0.449597,90.0,73.0,0.0,0.668063,251.40384615384616,9.140384615384615,10.0
1623691720.0,366985270.0,37.819201,-122.46484,11.295984,0.968567,0.248754,60.0,25.0,9.0,0.701454,1623691720.0,367139040.0,37.816773,-122.500416,16.992914,0.989253,0.146215,90.0,0.0,0.0,0.676544,1623691720.0,369140000.0,37.81378,-122.498626,10.429064,-0.892735,-0.450582,90.0,73.0,0.0,0.666071,251.4102564102564,9.14102564102564,10.0
1623691721.0,366985270.0,37.819214,-122.464776,11.300858,0.96835,0.249595,60.0,25.0,9.0,0.699603,1623691721.0,367139040.0,37.816784,-122.500318,16.983312,0.989078,0.147396,90.0,0.0,0.0,0.674659,1623691721.0,369140000.0,37.813758,-122.49868,10.405983,-0.892252,-0.451537,90.0,73.0,0.0,0.664084,251.41666666666663,9.141666666666667,10.0
1623691722.0,366985270.0,37.819227,-122.464712,11.305698,0.968126,0.250464,60.0,25.0,9.0,0.697752,1623691722.0,367139040.0,37.816796,-122.500219,16.97353,0.988892,0.148634,90.0,0.0,0.0,0.672775,1623691722.0,369140000.0,37.813736,-122.498735,10.382589,-0.891784,-0.452462,90.0,73.0,0.0,0.662101,251.42307692307693,9.142307692307693,10.0
1623691723.0,366985270.0,37.81924,-122.464648,11.310506,0.967893,0.251364,60.0,25.0,9.0,0.695901,1623691723.0,367139040.0,37.816807,-122.500121,16.963572,0.988697,0.149928,90.0,0.0,0.0,0.670892,1623691723.0,369140000.0,37.813715,-122.498789,10.358879,-0.891329,-0.453356,90.0,73.0,0.0,0.660123,251.4294871794872,9.142948717948718,10.0
1623691724.0,366985270.0,37.819253,-122.464584,11.315282,0.967651,0.252293,60.0,25.0,9.0,0.694048,1623691724.0,367139040.0,37.816819,-122.500023,16.953442,0.988491,0.15128,90.0,0.0,0.0,0.669011,1623691724.0,369140000.0,37.813693,-122.498843,10.334853,-0.890889,-0.45422,90.0,73.0,0.0,0.65815,251.43589743589743,9.143589743589745,10.0
1623691725.0,366985270.0,37.819267,-122.464519,11.320027,0.967401,0.253251,60.0,25.0,9.0,0.692195,1623691725.0,367139040.0,37.816831,-122.499925,16.943144,0.988274,0.152689,90.0,0.0,0.0,0.66713,1623691725.0,369140000.0,37.813671,-122.498897,10.31051,-0.890464,-0.455053,90.0,73.0,0.0,0.656182,251.44230769230768,9.14423076923077,10.0
1623691726.0,366985270.0,37.81928,-122.464455,11.324743,0.967142,0.254238,60.0,25.0,9.0,0.690341,1623691726.0,367139040.0,37.816843,-122.499827,16.932682,0.988047,0.154155,90.0,0.0,0.0,0.665251,1623691726.0,369140000.0,37.813649,-122.498951,10.285848,-0.890054,-0.455855,90.0,73.0,0.0,0.654219,251.448717948718,9.144871794871795,10.0
1623691727.0,366985270.0,37.819293,-122.464391,11.32943,0.966874,0.255255,60.0,25.0,9.0,0.688486,1623691727.0,367139040.0,37.816855,-122.499729,16.92206,0.987808,0.155679,90.0,0.0,0.0,0.663373,1623691727.0,369140000.0,37.813628,-122.499004,10.260867,-0.889658,-0.456627,90.0,73.0,0.0,0.65226,251.4551282051282,9.14551282051282,10.0
1623691728.0,366985270.0,37.819307,-122.464327,11.33409,0.966597,0.256302,60.0,25.0,9.0,0.686631,1623691728.0,367139040.0,37.816867,-122.499631,16.911284,0.987557,0.15726,90.0,0.0,0.0,0.661496,1623691728.0,369140000.0,37.813606,-122.499058,10.235566,-0.889278,-0.457367,90.0,73.0,0.0,0.650307,251.46153846153845,9.146153846153846,10.0
1623691729.0,366985270.0,37.81932,-122.464263,11.338723,0.966311,0.257377,60.0,25.0,9.0,0.684775,1623691729.0,367139040.0,37.81688,-122.499533,16.900356,0.987295,0.158899,90.0,0.0,0.0,0.65962,1623691729.0,369140000.0,37.813584,-122.499111,10.209943,-0.888913,-0.458076,90.0,73.0,0.0,0.648359,251.4679487179488,9.146794871794873,10.0
1623691730.0,366985270.0,37.819334,-122.464199,11.343331,0.966016,0.258481,60.0,25.0,9.0,0.682919,1623691730.0,367139040.0,37.816892,-122.499435,16.889283,0.98702,0.160595,90.0,0.0,0.0,0.657745,1623691730.0,369140000.0,37.813563,-122.499164,10.183998,-0.888563,-0.458754,90.0,73.0,0.0,0.646416,251.47435897435892,9.147435897435898,10.0
1623691731.0,366985270.0,37.819347,-122.464135,11.347916,0.965712,0.259615,60.0,25.0,9.0,0.681061,1623691731.0,367139040.0,37.816905,-122.499338,16.87807,0.986733,0.162349,90.0,0.0,0.0,0.655872,1623691731.0,369140000.0,37.813541,-122.499217,10.15773,-0.888229,-0.459401,90.0,73.0,0.0,0.644478,251.48076923076923,9.148076923076925,10.0
1623691732.0,366985270.0,37.819361,-122.46407,11.352478,0.965399,0.260778,60.0,25.0,9.0,0.679204,1623691732.0,367139040.0,37.816917,-122.49924,16.866721,0.986434,0.164161,90.0,0.0,0.0,0.653999,1623691732.0,369140000.0,37.81352,-122.49927,10.131138,-0.887911,-0.460016,90.0,73.0,0.0,0.642545,251.48717948717947,9.148717948717948,10.0
1623691733.0,366985270.0,37.819375,-122.464006,11.357018,0.965076,0.26197,60.0,25.0,9.0,0.677345,1623691733.0,367139040.0,37.81693,-122.499143,16.855242,0.986121,0.166031,90.0,0.0,0.0,0.652128,1623691733.0,369140000.0,37.813498,-122.499323,10.104221,-0.887608,-0.4606,90.0,73.0,0.0,0.640618,251.49358974358967,9.149358974358975,10.0
1623691734.0,366985270.0,37.819388,-122.463942,11.361538,0.964744,0.26319,60.0,25.0,9.0,0.675486,1623691734.0,367139040.0,37.816943,-122.499045,16.843639,0.985794,0.167959,90.0,0.0,0.0,0.650258,1623691734.0,369140000.0,37.813476,-122.499375,10.076979,-0.887322,-0.461151,90.0,73.0,0.0,0.638695,251.5,9.15,10.0
1623691735.0,366985270.0,37.819402,-122.463878,11.366039,0.964402,0.26444,60.0,25.0,9.0,0.673626,1623691735.0,367139040.0,37.816956,-122.498948,16.831917,0.985453,0.169946,90.0,0.0,0.0,0.648389,1623691735.0,369140000.0,37.813455,-122.499428,10.04941,-0.887051,-0.461671,90.0,73.0,0.0,0.636779,251.50641025641025,9.150641025641026,10.0
1623691736.0,366985270.0,37.819416,-122.463814,11.370524,0.964051,0.265718,60.0,25.0,9.0,0.671766,1623691736.0,367139040.0,37.816969,-122.498851,16.820083,0.985099,0.17199,90.0,0.0,0.0,0.646521,1623691736.0,369140000.0,37.813433,-122.49948,10.021515,-0.886797,-0.462158,90.0,73.0,0.0,0.634867,251.51282051282053,9.15128205128205,10.0
1623691737.0,366985270.0,37.81943,-122.463749,11.374992,0.96369,0.267025,60.0,25.0,9.0,0.669905,1623691737.0,367139040.0,37.816983,-122.498754,16.808142,0.984729,0.174094,90.0,0.0,0.0,0.644654,1623691737.0,369140000.0,37.813412,-122.499532,9.993292,-0.88656,-0.462613,90.0,73.0,0.0,0.632962,251.5192307692308,9.151923076923078,10.0
1623691738.0,366985270.0,37.819444,-122.463685,11.379445,0.963318,0.268361,60.0,25.0,9.0,0.668043,1623691738.0,367139040.0,37.816996,-122.498657,16.796101,0.984344,0.176255,90.0,0.0,0.0,0.642789,1623691738.0,369140000.0,37.813391,-122.499584,9.964742,-0.88634,-0.463036,90.0,73.0,0.0,0.631061,251.52564102564105,9.152564102564105,10.0
1623691739.0,366985270.0,37.819458,-122.463621,11.383885,0.962937,0.269725,60.0,25.0,9.0,0.666181,1623691739.0,367139040.0,37.81701,-122.49856,16.784086,0.983948,0.178457,90.0,0.0,0.0,0.640924,1623691739.0,369140000.0,37.813369,-122.499635,9.935863,-0.886136,-0.463426,90.0,73.0,0.0,0.629167,251.53205128205127,9.153205128205128,10.0
1623691740.0,366985270.0,37.819472,-122.463557,11.388314,0.962546,0.271118,60.0,25.0,9.0,0.664318,1623691740.0,367139040.0,37.817024,-122.498463,16.772583,0.983552,0.180623,90.0,0.0,0.0,0.639061,1623691740.0,369140000.0,37.813348,-122.499687,9.906654,-0.885949,-0.463782,90.0,73.0,0.0,0.627277,251.53846153846155,9.153846153846152,10.0
1623691741.0,366985270.0,37.819487,-122.463493,11.392732,0.962145,0.272539,60.0,25.0,9.0,0.662454,1623691741.0,367139040.0,37.817038,-122.498367,16.761706,0.983162,0.182735,90.0,0.0,0.0,0.637199,1623691741.0,369140000.0,37.813327,-122.499738,9.877116,-0.88578,-0.464106,90.0,73.0,0.0,0.625394,251.5448717948718,9.15448717948718,10.0
1623691742.0,366985270.0,37.819501,-122.463428,11.397142,0.961733,0.273989,60.0,25.0,9.0,0.66059,1623691742.0,367139040.0,37.817052,-122.49827,16.751449,0.982777,0.184793,90.0,0.0,0.0,0.635337,1623691742.0,369140000.0,37.813306,-122.49979,9.847249,-0.885628,-0.464396,90.0,73.0,0.0,0.623516,251.55128205128204,9.155128205128204,10.0
1623691743.0,366985270.0,37.819515,-122.463364,11.401545,0.96131,0.275467,60.0,25.0,9.0,0.658725,1623691743.0,367139040.0,37.817066,-122.498174,16.741806,0.982399,0.186796,90.0,0.0,0.0,0.633477,1623691743.0,369140000.0,37.813284,-122.499841,9.817051,-0.885493,-0.464652,90.0,73.0,0.0,0.621644,251.55769230769232,9.15576923076923,10.0
1623691744.0,366985270.0,37.81953,-122.4633,11.405937,0.96088,0.276966,60.0,25.0,9.0,0.65686,1623691744.0,367139040.0,37.817081,-122.498077,16.732772,0.982026,0.188744,90.0,0.0,0.0,0.631617,1623691744.0,369140000.0,37.813263,-122.499892,9.786522,-0.885377,-0.464874,90.0,73.0,0.0,0.619778,251.56410256410257,9.156410256410256,10.0
1623691745.0,366985270.0,37.819545,-122.463236,11.410291,0.96045,0.278453,60.0,25.0,9.0,0.654994,1623691745.0,367139040.0,37.817095,-122.497981,16.724341,0.981661,0.190636,90.0,0.0,0.0,0.629759,1623691745.0,369140000.0,37.813242,-122.499942,9.755662,-0.885278,-0.465062,90.0,73.0,0.0,0.617918,251.5705128205128,9.157051282051285,10.0
1623691746.0,366985270.0,37.819559,-122.463172,11.414602,0.960023,0.27992,60.0,25.0,9.0,0.653128,1623691746.0,367139040.0,37.81711,-122.497885,16.716507,0.981302,0.192473,90.0,0.0,0.0,0.627901,1623691746.0,369140000.0,37.813221,-122.499993,9.724471,-0.885198,-0.465215,90.0,73.0,0.0,0.616064,251.57692307692307,9.157692307692308,10.0
1623691747.0,366985270.0,37.819574,-122.463107,11.418868,0.9596,0.281368,60.0,25.0,9.0,0.651261,1623691747.0,367139040.0,37.817125,-122.497789,16.709265,0.980951,0.194255,90.0,0.0,0.0,0.626044,1623691747.0,369140000.0,37.8132,-122.500043,9.692949,-0.885136,-0.465333,90.0,73.0,0.0,0.614216,251.5833333333333,9.158333333333331,10.0
1623691748.0,366985270.0,37.819589,-122.463043,11.423088,0.95918,0.282797,60.0,25.0,9.0,0.649394,1623691748.0,367139040.0,37.81714,-122.497693,16.70261,0.980608,0.19598,90.0,0.0,0.0,0.624188,1623691748.0,369140000.0,37.813179,-122.500094,9.661095,-0.885092,-0.465416,90.0,73.0,0.0,0.612373,251.5897435897436,9.158974358974358,10.0
1623691749.0,366985270.0,37.819604,-122.462979,11.427262,0.958763,0.284207,60.0,25.0,9.0,0.647526,1623691749.0,367139040.0,37.817155,-122.497597,16.696537,0.980273,0.19765,90.0,0.0,0.0,0.622332,1623691749.0,369140000.0,37.813159,-122.500144,9.62891,-0.885067,-0.465464,90.0,73.0,0.0,0.610537,251.59615384615384,9.159615384615384,10.0
1623691750.0,366985270.0,37.819619,-122.462915,11.431388,0.95835,0.285597,60.0,25.0,9.0,0.645657,1623691750.0,367139040.0,37.817171,-122.497501,16.69104,0.979946,0.199263,90.0,0.0,0.0,0.620477,1623691750.0,369140000.0,37.813138,-122.500194,9.596392,-0.885061,-0.465475,90.0,73.0,0.0,0.608707,251.6025641025641,9.16025641025641,10.0
1623691751.0,366985270.0,37.819634,-122.462851,11.435465,0.95794,0.286968,60.0,25.0,9.0,0.643788,1623691751.0,367139040.0,37.817186,-122.497405,16.686116,0.979628,0.20082,90.0,0.0,0.0,0.618623,1623691751.0,369140000.0,37.813117,-122.500243,9.563543,-0.885074,-0.465451,90.0,73.0,0.0,0.606883,251.6089743589744,9.160897435897436,10.0
1623691752.0,366985270.0,37.819649,-122.462787,11.439493,0.957534,0.28832,60.0,25.0,9.0,0.641919,1623691752.0,367139040.0,37.817201,-122.49731,16.68176,0.97932,0.20232,90.0,0.0,0.0,0.616769,1623691752.0,369140000.0,37.813097,-122.500293,9.530363,-0.885106,-0.465389,90.0,73.0,0.0,0.605066,251.6153846153846,9.16153846153846,10.0
1623691753.0,366985270.0,37.819664,-122.462722,11.44347,0.957132,0.289653,60.0,25.0,9.0,0.640049,1623691753.0,367139040.0,37.817217,-122.497214,16.677967,0.97902,0.203763,90.0,0.0,0.0,0.614916,1623691753.0,369140000.0,37.813076,-122.500342,9.49685,-0.885158,-0.465291,90.0,73.0,0.0,0.603254,251.6217948717949,9.162179487179488,10.0
1623691754.0,366985270.0,37.81968,-122.462658,11.447396,0.956733,0.290967,60.0,25.0,9.0,0.638178,1623691754.0,367139040.0,37.817233,-122.497118,16.674732,0.978731,0.20515,90.0,0.0,0.0,0.613063,1623691754.0,369140000.0,37.813056,-122.500392,9.463007,-0.885229,-0.465155,90.0,73.0,0.0,0.601449,251.6282051282052,9.162820512820511,10.0
1623691755.0,366985270.0,37.819695,-122.462594,11.45127,0.956338,0.292262,60.0,25.0,9.0,0.636307,1623691755.0,367139040.0,37.817249,-122.497023,16.672053,0.978451,0.206479,90.0,0.0,0.0,0.611211,1623691755.0,369140000.0,37.813035,-122.500441,9.428832,-0.885321,-0.464981,90.0,73.0,0.0,0.599651,251.6346153846154,9.163461538461538,10.0
1623691756.0,366985270.0,37.819711,-122.46253,11.455091,0.955947,0.293538,60.0,25.0,9.0,0.634436,1623691756.0,367139040.0,37.817264,-122.496927,16.669924,0.978182,0.207752,90.0,0.0,0.0,0.609359,1623691756.0,369140000.0,37.813015,-122.500489,9.394325,-0.885432,-0.464769,90.0,73.0,0.0,0.597859,251.64102564102564,9.164102564102564,10.0
1623691757.0,366985270.0,37.819726,-122.462466,11.458857,0.95556,0.294795,60.0,25.0,9.0,0.632564,1623691757.0,367139040.0,37.817281,-122.496832,16.668342,0.977923,0.208967,90.0,0.0,0.0,0.607508,1623691757.0,369140000.0,37.812995,-122.500538,9.359488,-0.885564,-0.464518,90.0,73.0,0.0,0.596073,251.64743589743588,9.16474358974359,10.0
1623691758.0,366985270.0,37.819742,-122.462402,11.462569,0.955177,0.296034,60.0,25.0,9.0,0.630692,1623691758.0,367139040.0,37.817297,-122.496736,16.667304,0.977675,0.210125,90.0,0.0,0.0,0.605656,1623691758.0,369140000.0,37.812975,-122.500587,9.324321,-0.885716,-0.464227,90.0,73.0,0.0,0.594294,251.65384615384616,9.165384615384616,10.0
1623691759.0,366985270.0,37.819758,-122.462338,11.466226,0.954799,0.297254,60.0,25.0,9.0,0.628819,1623691759.0,367139040.0,37.817313,-122.496641,16.666806,0.977437,0.211226,90.0,0.0,0.0,0.603805,1623691759.0,369140000.0,37.812955,-122.500635,9.288823,-0.885889,-0.463897,90.0,73.0,0.0,0.592521,251.6602564102564,9.16602564102564,10.0
1623691760.0,366985270.0,37.819773,-122.462274,11.469825,0.954424,0.298455,60.0,25.0,9.0,0.626946,1623691760.0,367139040.0,37.817329,-122.496545,16.666844,0.977211,0.212269,90.0,0.0,0.0,0.601955,1623691760.0,369140000.0,37.812935,-122.500683,9.252996,-0.886083,-0.463527,90.0,73.0,0.0,0.590755,251.66666666666663,9.166666666666666,10.0
1623691761.0,366985270.0,37.819789,-122.462209,11.473368,0.954053,0.299638,60.0,25.0,9.0,0.625072,1623691761.0,367139040.0,37.817345,-122.49645,16.667416,0.976997,0.213255,90.0,0.0,0.0,0.600104,1623691761.0,369140000.0,37.812915,-122.500731,9.21684,-0.886298,-0.463116,90.0,73.0,0.0,0.588996,251.67307692307693,9.167307692307691,10.0
1623691762.0,366985270.0,37.819805,-122.462145,11.476852,0.953687,0.300802,60.0,25.0,9.0,0.623198,1623691762.0,367139040.0,37.817362,-122.496355,16.668519,0.976794,0.214183,90.0,0.0,0.0,0.598254,1623691762.0,369140000.0,37.812895,-122.500779,9.180355,-0.886534,-0.462663,90.0,73.0,0.0,0.587244,251.6794871794872,9.167948717948718,10.0
1623691763.0,366985270.0,37.819821,-122.462081,11.480278,0.953325,0.301948,60.0,25.0,9.0,0.621324,1623691763.0,367139040.0,37.817378,-122.496259,16.670149,0.976602,0.215053,90.0,0.0,0.0,0.596403,1623691763.0,369140000.0,37.812876,-122.500827,9.143543,-0.886792,-0.462169,90.0,73.0,0.0,0.585498,251.68589743589743,9.168589743589743,10.0
1623691764.0,366985270.0,37.819837,-122.462017,11.483644,0.952967,0.303075,60.0,25.0,9.0,0.619449,1623691764.0,367139040.0,37.817395,-122.496164,16.672305,0.976423,0.215866,90.0,0.0,0.0,0.594553,1623691764.0,369140000.0,37.812856,-122.500874,9.106403,-0.887072,-0.461631,90.0,73.0,0.0,0.583759,251.69230769230768,9.169230769230769,10.0
1623691765.0,366985270.0,37.819853,-122.461953,11.48695,0.952613,0.304184,60.0,25.0,9.0,0.617574,1623691765.0,367139040.0,37.817412,-122.496069,16.674983,0.976256,0.216621,90.0,0.0,0.0,0.592703,1623691765.0,369140000.0,37.812837,-122.500922,9.068937,-0.887374,-0.461051,90.0,73.0,0.0,0.582027,251.698717948718,9.169871794871796,10.0
1623691766.0,366985270.0,37.819869,-122.461889,11.490194,0.952264,0.305275,60.0,25.0,9.0,0.615698,1623691766.0,367139040.0,37.817428,-122.495973,16.678182,0.976101,0.217319,90.0,0.0,0.0,0.590853,1623691766.0,369140000.0,37.812817,-122.500969,9.031145,-0.887698,-0.460427,90.0,73.0,0.0,0.580302,251.7051282051282,9.17051282051282,10.0
1623691767.0,366985270.0,37.819886,-122.461825,11.493377,0.95192,0.306347,60.0,25.0,9.0,0.613822,1623691767.0,367139040.0,37.817445,-122.495878,16.6819,0.975958,0.217959,90.0,0.0,0.0,0.589002,1623691767.0,369140000.0,37.812798,-122.501016,8.993029,-0.888044,-0.459758,90.0,73.0,0.0,0.578584,251.71153846153845,9.171153846153846,10.0
1623691768.0,366985270.0,37.819902,-122.461761,11.496497,0.95158,0.307401,60.0,25.0,9.0,0.611946,1623691768.0,367139040.0,37.817462,-122.495783,16.686133,0.975828,0.218541,90.0,0.0,0.0,0.587152,1623691768.0,369140000.0,37.812779,-122.501062,8.954589,-0.888413,-0.459045,90.0,73.0,0.0,0.576873,251.7179487179488,9.171794871794871,10.0
1623691769.0,366985270.0,37.819918,-122.461697,11.499554,0.951245,0.308437,60.0,25.0,9.0,0.610069,1623691769.0,367139040.0,37.817479,-122.495687,16.690882,0.97571,0.219066,90.0,0.0,0.0,0.585302,1623691769.0,369140000.0,37.81276,-122.501109,8.915826,-0.888805,-0.458285,90.0,73.0,0.0,0.575169,251.72435897435892,9.172435897435898,10.0
1623691770.0,366985270.0,37.819935,-122.461633,11.502547,0.950914,0.309455,60.0,25.0,9.0,0.608192,1623691770.0,367139040.0,37.817496,-122.495592,16.696143,0.975605,0.219533,90.0,0.0,0.0,0.583451,1623691770.0,369140000.0,37.812741,-122.501155,8.876741,-0.889221,-0.457479,90.0,73.0,0.0,0.573472,251.73076923076923,9.173076923076923,10.0
1623691771.0,366985270.0,37.819951,-122.461569,11.505476,0.950588,0.310455,60.0,25.0,9.0,0.606315,1623691771.0,367139040.0,37.817513,-122.495496,16.701917,0.975513,0.219943,90.0,0.0,0.0,0.5816,1623691771.0,369140000.0,37.812722,-122.501202,8.837336,-0.889659,-0.456625,90.0,73.0,0.0,0.571783,251.73717948717947,9.173717948717949,10.0
1623691772.0,366985270.0,37.819968,-122.461504,11.508339,0.950267,0.311437,60.0,25.0,9.0,0.604437,1623691772.0,367139040.0,37.81753,-122.495401,16.7082,0.975433,0.220294,90.0,0.0,0.0,0.579749,1623691772.0,369140000.0,37.812703,-122.501248,8.797612,-0.890122,-0.455723,90.0,73.0,0.0,0.570101,251.74358974358967,9.174358974358974,10.0
1623691773.0,366985270.0,37.819984,-122.46144,11.511136,0.94995,0.312401,60.0,25.0,9.0,0.602559,1623691773.0,367139040.0,37.817547,-122.495306,16.714993,0.975367,0.220589,90.0,0.0,0.0,0.577898,1623691773.0,369140000.0,37.812685,-122.501294,8.757569,-0.890608,-0.454772,90.0,73.0,0.0,0.568426,251.75,9.175,10.0
1623691774.0,366985270.0,37.820001,-122.461376,11.513867,0.949639,0.313347,60.0,25.0,9.0,0.600681,1623691774.0,367139040.0,37.817564,-122.49521,16.722295,0.975313,0.220826,90.0,0.0,0.0,0.576047,1623691774.0,369140000.0,37.812666,-122.501339,8.717211,-0.891118,-0.453771,90.0,73.0,0.0,0.566758,251.75641025641025,9.175641025641026,10.0
1623691775.0,366985270.0,37.820018,-122.461312,11.51653,0.949332,0.314276,60.0,25.0,9.0,0.598802,1623691775.0,367139040.0,37.817581,-122.495115,16.730105,0.975273,0.221005,90.0,0.0,0.0,0.574195,1623691775.0,369140000.0,37.812648,-122.501385,8.676537,-0.891653,-0.452719,90.0,73.0,0.0,0.565098,251.76282051282053,9.176282051282053,10.0
1623691776.0,366985270.0,37.820034,-122.461248,11.519126,0.94903,0.315186,60.0,25.0,9.0,0.596923,1623691776.0,367139040.0,37.817598,-122.495019,16.738421,0.975245,0.221128,90.0,0.0,0.0,0.572343,1623691776.0,369140000.0,37.81263,-122.50143,8.635805,-0.892206,-0.451628,90.0,73.0,0.0,0.563445,251.7692307692308,9.176923076923076,10.0
1623691777.0,366985270.0,37.820051,-122.461184,11.521653,0.948733,0.316079,60.0,25.0,9.0,0.595044,1623691777.0,367139040.0,37.817615,-122.494923,16.747245,0.97523,0.221193,90.0,0.0,0.0,0.57049,1623691777.0,369140000.0,37.812612,-122.501475,8.596031,-0.892754,-0.450544,90.0,73.0,0.0,0.5618,251.77564102564105,9.177564102564103,10.0
1623691778.0,366985270.0,37.820068,-122.46112,11.524112,0.948441,0.316954,60.0,25.0,9.0,0.593165,1623691778.0,367139040.0,37.817632,-122.494828,16.756575,0.975228,0.2212,90.0,0.0,0.0,0.568637,1623691778.0,369140000.0,37.812594,-122.50152,8.55747,-0.89329,-0.44948,90.0,73.0,0.0,0.560162,251.78205128205127,9.178205128205128,10.0
1623691779.0,366985270.0,37.820085,-122.461056,11.5265,0.948154,0.317811,60.0,25.0,9.0,0.591285,1623691779.0,367139040.0,37.817649,-122.494732,16.766412,0.97524,0.221151,90.0,0.0,0.0,0.566783,1623691779.0,369140000.0,37.812576,-122.501565,8.520122,-0.893814,-0.448438,90.0,73.0,0.0,0.558531,251.78846153846155,9.178846153846154,10.0
1623691780.0,366985270.0,37.820102,-122.460992,11.528819,0.947872,0.318651,60.0,25.0,9.0,0.589406,1623691780.0,367139040.0,37.817667,-122.494636,16.776756,0.975264,0.221045,90.0,0.0,0.0,0.56493,1623691780.0,369140000.0,37.812559,-122.501609,8.483984,-0.894326,-0.447417,90.0,73.0,0.0,0.556906,251.7948717948718,9.17948717948718,10.0
1623691781.0,366985270.0,37.820119,-122.460928,11.531067,0.947596,0.319473,60.0,25.0,9.0,0.587526,1623691781.0,367139040.0,37.817684,-122.49454,16.787607,0.975301,0.220882,90.0,0.0,0.0,0.563075,1623691781.0,369140000.0,37.812541,-122.501654,8.449056,-0.894825,-0.446418,90.0,73.0,0.0,0.555289,251.80128205128204,9.180128205128206,10.0
1623691782.0,366985270.0,37.820136,-122.460864,11.533243,0.947324,0.320277,60.0,25.0,9.0,0.585645,1623691782.0,367139040.0,37.817701,-122.494445,16.798966,0.97535,0.220662,90.0,0.0,0.0,0.56122,1623691782.0,369140000.0,37.812524,-122.501698,8.415337,-0.895311,-0.445442,90.0,73.0,0.0,0.553678,251.80769230769232,9.180769230769233,10.0
1623691783.0,366985270.0,37.820153,-122.4608,11.535348,0.947057,0.321064,60.0,25.0,9.0,0.583765,1623691783.0,367139040.0,37.817718,-122.494349,16.810832,0.975413,0.220386,90.0,0.0,0.0,0.559365,1623691783.0,369140000.0,37.812506,-122.501742,8.382827,-0.895783,-0.444491,90.0,73.0,0.0,0.552073,251.81410256410257,9.181410256410256,10.0
1623691784.0,366985270.0,37.82017,-122.460736,11.537381,0.946796,0.321834,60.0,25.0,9.0,0.581884,1623691784.0,367139040.0,37.817735,-122.494253,16.823208,0.975488,0.220053,90.0,0.0,0.0,0.557508,1623691784.0,369140000.0,37.812489,-122.501786,8.351524,-0.896243,-0.443564,90.0,73.0,0.0,0.550474,251.8205128205128,9.18205128205128,10.0
1623691785.0,366985270.0,37.820187,-122.460672,11.539341,0.94654,0.322586,60.0,25.0,9.0,0.580003,1623691785.0,367139040.0,37.817752,-122.494157,16.836095,0.975576,0.219664,90.0,0.0,0.0,0.555652,1623691785.0,369140000.0,37.812472,-122.50183,8.321428,-0.896688,-0.442663,90.0,73.0,0.0,0.548881,251.82692307692307,9.182692307692308,10.0
1623691786.0,366985270.0,37.820204,-122.460608,11.541227,0.94629,0.32332,60.0,25.0,9.0,0.578122,1623691786.0,367139040.0,37.817769,-122.49406,16.849492,0.975676,0.219219,90.0,0.0,0.0,0.553794,1623691786.0,369140000.0,37.812455,-122.501874,8.292538,-0.89712,-0.441787,90.0,73.0,0.0,0.547293,251.8333333333333,9.183333333333334,10.0
1623691787.0,366985270.0,37.820222,-122.460544,11.54304,0.946044,0.324038,60.0,25.0,9.0,0.576241,1623691787.0,367139040.0,37.817787,-122.493964,16.863402,0.975788,0.218717,90.0,0.0,0.0,0.551936,1623691787.0,369140000.0,37.812438,-122.501917,8.264853,-0.897537,-0.440939,90.0,73.0,0.0,0.54571,251.8397435897436,9.18397435897436,10.0
1623691788.0,366985270.0,37.820239,-122.46048,11.544778,0.945804,0.324737,60.0,25.0,9.0,0.574359,1623691788.0,367139040.0,37.817804,-122.493868,16.877826,0.975913,0.21816,90.0,0.0,0.0,0.550077,1623691788.0,369140000.0,37.812421,-122.501961,8.238372,-0.89794,-0.440118,90.0,73.0,0.0,0.544133,251.84615384615384,9.184615384615384,10.0
1623691789.0,366985270.0,37.820256,-122.460416,11.546442,0.94557,0.32542,60.0,25.0,9.0,0.572478,1623691789.0,367139040.0,37.817821,-122.493771,16.892766,0.97605,0.217547,90.0,0.0,0.0,0.548218,1623691789.0,369140000.0,37.812404,-122.502004,8.213095,-0.898328,-0.439325,90.0,73.0,0.0,0.54256,251.8525641025641,9.185256410256413,10.0
1623691790.0,366985270.0,37.820274,-122.460353,11.54803,0.94534,0.326086,60.0,25.0,9.0,0.570596,1623691790.0,367139040.0,37.817838,-122.493675,16.908224,0.976198,0.216879,90.0,0.0,0.0,0.546358,1623691790.0,369140000.0,37.812388,-122.502047,8.189021,-0.898701,-0.438561,90.0,73.0,0.0,0.540993,251.8589743589744,9.185897435897436,10.0
1623691791.0,366985270.0,37.820291,-122.460289,11.549543,0.945116,0.326734,60.0,25.0,9.0,0.568714,1623691791.0,367139040.0,37.817855,-122.493578,16.924201,0.976359,0.216155,90.0,0.0,0.0,0.544497,1623691791.0,369140000.0,37.812371,-122.50209,8.166148,-0.89906,-0.437826,90.0,73.0,0.0,0.539429,251.8653846153846,9.18653846153846,10.0
1623691792.0,366985270.0,37.820309,-122.460225,11.55098,0.944898,0.327365,60.0,25.0,9.0,0.566832,1623691792.0,367139040.0,37.817871,-122.493481,16.9407,0.976531,0.215377,90.0,0.0,0.0,0.542635,1623691792.0,369140000.0,37.812354,-122.502133,8.144477,-0.899402,-0.437122,90.0,73.0,0.0,0.53787,251.8717948717949,9.187179487179488,10.0
1623691793.0,366985270.0,37.820326,-122.460161,11.55234,0.944685,0.327978,60.0,25.0,9.0,0.56495,1623691793.0,367139040.0,37.817888,-122.493384,16.957723,0.976715,0.214543,90.0,0.0,0.0,0.540772,1623691793.0,369140000.0,37.812338,-122.502176,8.124006,-0.899729,-0.436448,90.0,73.0,0.0,0.536315,251.8782051282052,9.187820512820512,10.0
1623691794.0,366985270.0,37.820344,-122.460097,11.553624,0.944478,0.328575,60.0,25.0,9.0,0.563068,1623691794.0,367139040.0,37.817905,-122.493287,16.975272,0.976909,0.213655,90.0,0.0,0.0,0.538908,1623691794.0,369140000.0,37.812321,-122.502219,8.104735,-0.900041,-0.435806,90.0,73.0,0.0,0.534763,251.8846153846154,9.18846153846154,10.0
1623691795.0,366985270.0,37.820361,-122.460033,11.55483,0.944276,0.329155,60.0,25.0,9.0,0.561186,1623691795.0,367139040.0,37.817922,-122.49319,16.993351,0.977115,0.212712,90.0,0.0,0.0,0.537044,1623691795.0,369140000.0,37.812305,-122.502262,8.086663,-0.900336,-0.435195,90.0,73.0,0.0,0.533215,251.89102564102564,9.189102564102564,10.0
1623691796.0,366985270.0,37.820379,-122.459969,11.555959,0.94408,0.329717,60.0,25.0,9.0,0.559303,1623691796.0,367139040.0,37.817939,-122.493093,17.011961,0.977332,0.211715,90.0,0.0,0.0,0.535179,1623691796.0,369140000.0,37.812289,-122.502304,8.06979,-0.900616,-0.434616,90.0,73.0,0.0,0.531671,251.89743589743588,9.189743589743587,10.0
1623691797.0,366985270.0,37.820396,-122.459905,11.557009,0.943889,0.330263,60.0,25.0,9.0,0.557421,1623691797.0,367139040.0,37.817955,-122.492996,17.031107,0.977559,0.210664,90.0,0.0,0.0,0.533312,1623691797.0,369140000.0,37.812273,-122.502347,8.054115,-0.900879,-0.434071,90.0,73.0,0.0,0.530129,251.90384615384616,9.190384615384616,10.0
1623691798.0,366985270.0,37.820414,-122.459841,11.557982,0.943704,0.330791,60.0,25.0,9.0,0.555538,1623691798.0,367139040.0,37.817972,-122.492898,17.05079,0.977796,0.209559,90.0,0.0,0.0,0.531445,1623691798.0,369140000.0,37.812256,-122.50239,8.039638,-0.901126,-0.433558,90.0,73.0,0.0,0.52859,251.9102564102564,9.19102564102564,10.0
1623691799.0,366985270.0,37.820432,-122.459777,11.558875,0.943525,0.331302,60.0,25.0,9.0,0.553656,1623691799.0,367139040.0,37.817989,-122.4928,17.071014,0.978044,0.2084,90.0,0.0,0.0,0.529577,1623691799.0,369140000.0,37.81224,-122.502432,8.026358,-0.901356,-0.433079,90.0,73.0,0.0,0.527054,251.91666666666663,9.191666666666666,10.0
1623691800.0,366985270.0,37.82045,-122.459713,11.55969,0.943351,0.331797,60.0,25.0,9.0,0.551773,1623691800.0,367139040.0,37.818005,-122.492703,17.091783,0.978301,0.207188,90.0,0.0,0.0,0.527708,1623691800.0,369140000.0,37.812224,-122.502474,8.014274,-0.901569,-0.432635,90.0,73.0,0.0,0.525521,251.92307692307693,9.192307692307692,10.0
1623691801.0,366985270.0,37.820467,-122.45965,11.560425,0.943183,0.332274,60.0,25.0,9.0,0.549891,1623691801.0,367139040.0,37.818021,-122.492605,17.113101,0.978568,0.205924,90.0,0.0,0.0,0.525838,1623691801.0,369140000.0,37.812208,-122.502517,8.003386,-0.901766,-0.432225,90.0,73.0,0.0,0.523989,251.9294871794872,9.19294871794872,10.0
1623691802.0,366985270.0,37.820485,-122.459586,11.561081,0.943021,0.332735,60.0,25.0,9.0,0.548008,1623691802.0,367139040.0,37.818038,-122.492507,17.134969,0.978844,0.204606,90.0,0.0,0.0,0.523967,1623691802.0,369140000.0,37.812192,-122.502559,7.993693,-0.901946,-0.431849,90.0,73.0,0.0,0.52246,251.93589743589743,9.193589743589744,10.0
1623691803.0,366985270.0,37.820503,-122.459522,11.561656,0.942864,0.333178,60.0,25.0,9.0,0.546125,1623691803.0,367139040.0,37.818054,-122.492408,17.157394,0.97913,0.203236,90.0,0.0,0.0,0.522095,1623691803.0,369140000.0,37.812176,-122.502601,7.985196,-0.902109,-0.431509,90.0,73.0,0.0,0.520932,251.94230769230768,9.194230769230767,10.0
1623691804.0,366985270.0,37.820521,-122.459458,11.562151,0.942713,0.333605,60.0,25.0,9.0,0.544243,1623691804.0,367139040.0,37.81807,-122.49231,17.180183,0.979419,0.201838,90.0,0.0,0.0,0.520222,1623691804.0,369140000.0,37.81216,-122.502643,7.977894,-0.902254,-0.431204,90.0,73.0,0.0,0.519406,251.948717948718,9.194871794871794,10.0
1623691805.0,366985270.0,37.820538,-122.459394,11.562566,0.942568,0.334015,60.0,25.0,9.0,0.54236,1623691805.0,367139040.0,37.818086,-122.492211,17.202556,0.979692,0.200506,90.0,0.0,0.0,0.518348,1623691805.0,369140000.0,37.812144,-122.502685,7.971786,-0.902383,-0.430935,90.0,73.0,0.0,0.517882,251.9551282051282,9.19551282051282,10.0
1623691806.0,366985270.0,37.820556,-122.45933,11.5629,0.942428,0.334408,60.0,25.0,9.0,0.540477,1623691806.0,367139040.0,37.818102,-122.492113,17.224312,0.979946,0.199263,90.0,0.0,0.0,0.516473,1623691806.0,369140000.0,37.812128,-122.502728,7.966873,-0.902494,-0.430702,90.0,73.0,0.0,0.516358,251.96153846153845,9.196153846153846,10.0
1623691807.0,366985270.0,37.820574,-122.459267,11.563153,0.942295,0.334784,60.0,25.0,9.0,0.538595,1623691807.0,367139040.0,37.818118,-122.492014,17.245445,0.98018,0.198109,90.0,0.0,0.0,0.514597,1623691807.0,369140000.0,37.812113,-122.50277,7.963154,-0.902588,-0.430505,90.0,73.0,0.0,0.514835,251.9679487179488,9.196794871794872,10.0
1623691808.0,366985270.0,37.820592,-122.459203,11.563324,0.942167,0.335143,60.0,25.0,9.0,0.536712,1623691808.0,367139040.0,37.818134,-122.491915,17.265951,0.980395,0.197044,90.0,0.0,0.0,0.51272,1623691808.0,369140000.0,37.812097,-122.502812,7.960628,-0.902665,-0.430344,90.0,73.0,0.0,0.513313,251.97435897435892,9.197435897435897,10.0
1623691809.0,366985270.0,37.82061,-122.459139,11.563414,0.942045,0.335486,60.0,25.0,9.0,0.53483,1623691809.0,367139040.0,37.818149,-122.491816,17.285823,0.980591,0.196067,90.0,0.0,0.0,0.510842,1623691809.0,369140000.0,37.812081,-122.502854,7.959296,-0.902724,-0.430219,90.0,73.0,0.0,0.511792,251.98076923076923,9.198076923076924,10.0
1623691810.0,366985270.0,37.820628,-122.459075,11.563423,0.941929,0.335811,60.0,25.0,9.0,0.532947,1623691810.0,367139040.0,37.818165,-122.491716,17.305058,0.980768,0.195178,90.0,0.0,0.0,0.508963,1623691810.0,369140000.0,37.812065,-122.502896,7.959157,-0.902766,-0.430131,90.0,73.0,0.0,0.510271,251.98717948717947,9.198717948717947,10.0
1623691811.0,366985270.0,37.820646,-122.459011,11.563349,0.941819,0.33612,60.0,25.0,9.0,0.531065,1623691811.0,367139040.0,37.818181,-122.491617,17.323651,0.980927,0.194376,90.0,0.0,0.0,0.507084,1623691811.0,369140000.0,37.812049,-122.502938,7.960212,-0.902791,-0.43008,90.0,73.0,0.0,0.508749,251.99358974358967,9.199358974358974,10.0
1623691812.0,366985270.0,37.820664,-122.458948,11.563193,0.941715,0.336412,60.0,25.0,9.0,0.529183,1623691812.0,367139040.0,37.818196,-122.491518,17.341598,0.981068,0.193662,90.0,0.0,0.0,0.505204,1623691812.0,369140000.0,37.812033,-122.50298,7.962461,-0.902798,-0.430064,90.0,73.0,0.0,0.507228,252.0,9.2,10.0
1623691813.0,366985270.0,37.820682,-122.458884,11.562954,0.941616,0.336688,60.0,25.0,9.0,0.5273,1623691813.0,367139040.0,37.818212,-122.491418,17.358897,0.981192,0.193034,90.0,0.0,0.0,0.503324,1623691813.0,369140000.0,37.812018,-122.503022,7.965902,-0.902788,-0.430086,90.0,73.0,0.0,0.505706,252.00641025641025,9.200641025641026,10.0
1623691814.0,366985270.0,37.8207,-122.45882,11.562642,0.941523,0.33695,60.0,25.0,9.0,0.525418,1623691814.0,367139040.0,37.818227,-122.491318,17.375543,0.981298,0.192493,90.0,0.0,0.0,0.501443,1623691814.0,369140000.0,37.812002,-122.503064,7.970537,-0.902761,-0.430143,90.0,73.0,0.0,0.504183,252.01282051282053,9.201282051282051,10.0
1623691815.0,366985270.0,37.820718,-122.458756,11.562291,0.941429,0.337211,60.0,25.0,9.0,0.523536,1623691815.0,367139040.0,37.818243,-122.491218,17.391535,0.981387,0.192039,90.0,0.0,0.0,0.499561,1623691815.0,369140000.0,37.811986,-122.503106,7.976365,-0.902716,-0.430237,90.0,73.0,0.0,0.50266,252.0192307692308,9.201923076923077,10.0
1623691816.0,366985270.0,37.820736,-122.458692,11.561909,0.941334,0.337476,60.0,25.0,9.0,0.521654,1623691816.0,367139040.0,37.818258,-122.491118,17.406871,0.981459,0.19167,90.0,0.0,0.0,0.497679,1623691816.0,369140000.0,37.81197,-122.503149,7.983387,-0.902654,-0.430368,90.0,73.0,0.0,0.501135,252.02564102564105,9.202564102564102,10.0
1623691817.0,366985270.0,37.820754,-122.458629,11.561497,0.941238,0.337743,60.0,25.0,9.0,0.519773,1623691817.0,367139040.0,37.818274,-122.491018,17.421549,0.981515,0.191387,90.0,0.0,0.0,0.495797,1623691817.0,369140000.0,37.811954,-122.503191,7.991603,-0.902574,-0.430534,90.0,73.0,0.0,0.49961,252.03205128205127,9.203205128205129,10.0
1623691818.0,366985270.0,37.820772,-122.458565,11.561055,0.941141,0.338013,60.0,25.0,9.0,0.517891,1623691818.0,367139040.0,37.818289,-122.490918,17.435567,0.981553,0.19119,90.0,0.0,0.0,0.493914,1623691818.0,369140000.0,37.811938,-122.503233,8.001012,-0.902478,-0.430736,90.0,73.0,0.0,0.498082,252.03846153846155,9.203846153846154,10.0
1623691819.0,366985270.0,37.82079,-122.458501,11.560582,0.941043,0.338286,60.0,25.0,9.0,0.516009,1623691819.0,367139040.0,37.818305,-122.490818,17.448925,0.981575,0.191078,90.0,0.0,0.0,0.492031,1623691819.0,369140000.0,37.811922,-122.503275,8.011615,-0.902365,-0.430973,90.0,73.0,0.0,0.496553,252.0448717948718,9.20448717948718,10.0
1623691820.0,366985270.0,37.820808,-122.458438,11.560079,0.940944,0.338562,60.0,25.0,9.0,0.514128,1623691820.0,367139040.0,37.81832,-122.490718,17.461621,0.98158,0.191051,90.0,0.0,0.0,0.490148,1623691820.0,369140000.0,37.811906,-122.503318,8.023413,-0.902234,-0.431246,90.0,73.0,0.0,0.495022,252.05128205128204,9.205128205128204,10.0
1623691821.0,366985270.0,37.820826,-122.458374,11.559546,0.940844,0.338841,60.0,25.0,9.0,0.512247,1623691821.0,367139040.0,37.818335,-122.490617,17.473657,0.981569,0.191109,90.0,0.0,0.0,0.488264,1623691821.0,369140000.0,37.81189,-122.50336,8.036405,-0.902087,-0.431555,90.0,73.0,0.0,0.493489,252.05769230769232,9.205769230769231,10.0
1623691822.0,366985270.0,37.820845,-122.45831,11.558983,0.940742,0.339123,60.0,25.0,9.0,0.510366,1623691822.0,367139040.0,37.818351,-122.490517,17.485032,0.981541,0.191252,90.0,0.0,0.0,0.486381,1623691822.0,369140000.0,37.811874,-122.503403,8.050592,-0.901923,-0.431897,90.0,73.0,0.0,0.491953,252.06410256410257,9.206410256410257,10.0
1623691823.0,366985270.0,37.820863,-122.458246,11.55839,0.94064,0.339407,60.0,25.0,9.0,0.508485,1623691823.0,367139040.0,37.818366,-122.490416,17.495747,0.981497,0.19148,90.0,0.0,0.0,0.484497,1623691823.0,369140000.0,37.811858,-122.503445,8.065975,-0.901742,-0.432274,90.0,73.0,0.0,0.490415,252.0705128205128,9.207051282051282,10.0
1623691824.0,366985270.0,37.820881,-122.458183,11.557766,0.940536,0.339695,60.0,25.0,9.0,0.506604,1623691824.0,367139040.0,37.818382,-122.490316,17.505802,0.981436,0.191792,90.0,0.0,0.0,0.482613,1623691824.0,369140000.0,37.811842,-122.503488,8.082553,-0.901545,-0.432686,90.0,73.0,0.0,0.488874,252.07692307692307,9.207692307692309,10.0
1623691825.0,366985270.0,37.820899,-122.458119,11.557112,0.940431,0.339985,60.0,25.0,9.0,0.504723,1623691825.0,367139040.0,37.818397,-122.490215,17.515201,0.981358,0.192188,90.0,0.0,0.0,0.480729,1623691825.0,369140000.0,37.811826,-122.50353,8.100327,-0.901331,-0.43313,90.0,73.0,0.0,0.487329,252.0833333333333,9.208333333333334,10.0
1623691826.0,366985270.0,37.820917,-122.458055,11.556429,0.940325,0.340278,60.0,25.0,9.0,0.502843,1623691826.0,367139040.0,37.818413,-122.490114,17.523943,0.981264,0.192668,90.0,0.0,0.0,0.478845,1623691826.0,369140000.0,37.81181,-122.503573,8.119298,-0.901102,-0.433608,90.0,73.0,0.0,0.485782,252.0897435897436,9.20897435897436,10.0
1623691827.0,366985270.0,37.820935,-122.457992,11.555715,0.940217,0.340575,60.0,25.0,9.0,0.500963,1623691827.0,367139040.0,37.818429,-122.490014,17.532031,0.981153,0.193233,90.0,0.0,0.0,0.476961,1623691827.0,369140000.0,37.811793,-122.503616,8.139465,-0.900856,-0.434119,90.0,73.0,0.0,0.484231,252.09615384615384,9.209615384615384,10.0
1623691828.0,366985270.0,37.820954,-122.457928,11.554971,0.940109,0.340874,60.0,25.0,9.0,0.499082,1623691828.0,367139040.0,37.818444,-122.489913,17.539469,0.981025,0.193882,90.0,0.0,0.0,0.475078,1623691828.0,369140000.0,37.811777,-122.503659,8.160831,-0.900594,-0.434661,90.0,73.0,0.0,0.482676,252.1025641025641,9.21025641025641,10.0
1623691829.0,366985270.0,37.820972,-122.457865,11.554198,0.94,0.341176,60.0,25.0,9.0,0.497203,1623691829.0,367139040.0,37.81846,-122.489812,17.546259,0.98088,0.194615,90.0,0.0,0.0,0.473194,1623691829.0,369140000.0,37.81176,-122.503702,8.183394,-0.900317,-0.435235,90.0,73.0,0.0,0.481117,252.1089743589744,9.210897435897436,10.0
1623691830.0,366985270.0,37.82099,-122.457801,11.553394,0.939889,0.341481,60.0,25.0,9.0,0.495323,1623691830.0,367139040.0,37.818476,-122.489711,17.552404,0.980717,0.195431,90.0,0.0,0.0,0.471311,1623691830.0,369140000.0,37.811744,-122.503745,8.207156,-0.900024,-0.435841,90.0,73.0,0.0,0.479554,252.1153846153846,9.211538461538462,10.0
1623691831.0,366985270.0,37.821008,-122.457737,11.552561,0.939777,0.341788,60.0,25.0,9.0,0.493443,1623691831.0,367139040.0,37.818492,-122.489611,17.557908,0.980537,0.196332,90.0,0.0,0.0,0.469428,1623691831.0,369140000.0,37.811727,-122.503788,8.232118,-0.899715,-0.436477,90.0,73.0,0.0,0.477987,252.1217948717949,9.212179487179489,10.0
1623691832.0,366985270.0,37.821027,-122.457674,11.551698,0.939664,0.342099,60.0,25.0,9.0,0.491564,1623691832.0,367139040.0,37.818508,-122.48951,17.562776,0.98034,0.197316,90.0,0.0,0.0,0.467545,1623691832.0,369140000.0,37.811711,-122.503832,8.258279,-0.899392,-0.437143,90.0,73.0,0.0,0.476415,252.1282051282052,9.212820512820512,10.0
1623691833.0,366985270.0,37.821045,-122.45761,11.550805,0.93955,0.342413,60.0,25.0,9.0,0.489685,1623691833.0,367139040.0,37.818524,-122.489409,17.567011,0.980124,0.198385,90.0,0.0,0.0,0.465662,1623691833.0,369140000.0,37.811694,-122.503875,8.285641,-0.899054,-0.437838,90.0,73.0,0.0,0.474838,252.1346153846154,9.21346153846154,10.0
1623691834.0,366985270.0,37.821063,-122.457547,11.549882,0.939434,0.342729,60.0,25.0,9.0,0.487806,1623691834.0,367139040.0,37.81854,-122.489308,17.570619,0.97989,0.199537,90.0,0.0,0.0,0.46378,1623691834.0,369140000.0,37.811677,-122.503919,8.314204,-0.898701,-0.438562,90.0,73.0,0.0,0.473257,252.14102564102564,9.214102564102564,10.0
1623691835.0,366985270.0,37.821081,-122.457483,11.548929,0.939318,0.343049,60.0,25.0,9.0,0.485927,1623691835.0,367139040.0,37.818556,-122.489207,17.573605,0.979638,0.200773,90.0,0.0,0.0,0.461898,1623691835.0,369140000.0,37.81166,-122.503963,8.343969,-0.898334,-0.439314,90.0,73.0,0.0,0.47167,252.14743589743588,9.21474358974359,10.0
1623691836.0,366985270.0,37.8211,-122.45742,11.547947,0.9392,0.343371,60.0,25.0,9.0,0.484049,1623691836.0,367139040.0,37.818572,-122.489106,17.575975,0.979366,0.202093,90.0,0.0,0.0,0.460016,1623691836.0,369140000.0,37.811644,-122.504006,8.374937,-0.897952,-0.440093,90.0,73.0,0.0,0.470077,252.15384615384616,9.215384615384616,10.0
1623691837.0,366985270.0,37.821118,-122.457356,11.546935,0.939081,0.343696,60.0,25.0,9.0,0.482171,1623691837.0,367139040.0,37.818589,-122.489006,17.577736,0.979076,0.203497,90.0,0.0,0.0,0.458135,1623691837.0,369140000.0,37.811626,-122.50405,8.407108,-0.897556,-0.4409,90.0,73.0,0.0,0.468479,252.1602564102564,9.216025641025642,10.0
1623691838.0,366985270.0,37.821137,-122.457293,11.545893,0.938961,0.344024,60.0,25.0,9.0,0.480293,1623691838.0,367139040.0,37.818605,-122.488905,17.578892,0.978765,0.204985,90.0,0.0,0.0,0.456255,1623691838.0,369140000.0,37.811609,-122.504095,8.440483,-0.897147,-0.441732,90.0,73.0,0.0,0.466874,252.16666666666663,9.216666666666669,10.0
1623691839.0,366985270.0,37.821155,-122.457229,11.544822,0.938839,0.344355,60.0,25.0,9.0,0.478415,1623691839.0,367139040.0,37.818622,-122.488804,17.579452,0.978435,0.206557,90.0,0.0,0.0,0.454375,1623691839.0,369140000.0,37.811592,-122.504139,8.475063,-0.896724,-0.442589,90.0,73.0,0.0,0.465264,252.17307692307693,9.217307692307692,10.0
1623691840.0,366985270.0,37.821173,-122.457166,11.543721,0.938717,0.344689,60.0,25.0,9.0,0.476538,1623691840.0,367139040.0,37.818639,-122.488703,17.579423,0.978084,0.208212,90.0,0.0,0.0,0.452495,1623691840.0,369140000.0,37.811575,-122.504184,8.510849,-0.896288,-0.443471,90.0,73.0,0.0,0.463647,252.1794871794872,9.217948717948715,10.0
1623691841.0,366985270.0,37.821192,-122.457102,11.542591,0.938593,0.345026,60.0,25.0,9.0,0.47466,1623691841.0,367139040.0,37.818656,-122.488603,17.578812,0.977712,0.209953,90.0,0.0,0.0,0.450616,1623691841.0,369140000.0,37.811557,-122.504228,8.547841,-0.89584,-0.444378,90.0,73.0,0.0,0.462024,252.18589743589743,9.218589743589744,10.0
1623691842.0,366985270.0,37.82121,-122.457039,11.541431,0.938468,0.345366,60.0,25.0,9.0,0.472783,1623691842.0,367139040.0,37.818673,-122.488502,17.577628,0.977318,0.211777,90.0,0.0,0.0,0.448738,1623691842.0,369140000.0,37.81154,-122.504273,8.586041,-0.895378,-0.445307,90.0,73.0,0.0,0.460393,252.19230769230768,9.21923076923077,10.0
1623691843.0,366985270.0,37.821229,-122.456975,11.540242,0.938342,0.345709,60.0,25.0,9.0,0.470907,1623691843.0,367139040.0,37.81869,-122.488401,17.575879,0.976902,0.213686,90.0,0.0,0.0,0.44686,1623691843.0,369140000.0,37.811522,-122.504318,8.625448,-0.894904,-0.446259,90.0,73.0,0.0,0.458756,252.198717948718,9.219871794871796,10.0
1623691844.0,366985270.0,37.821247,-122.456912,11.539024,0.938214,0.346055,60.0,25.0,9.0,0.46903,1623691844.0,367139040.0,37.818707,-122.488301,17.573574,0.976464,0.215679,90.0,0.0,0.0,0.444983,1623691844.0,369140000.0,37.811504,-122.504363,8.666065,-0.894418,-0.447232,90.0,73.0,0.0,0.457112,252.2051282051282,9.22051282051282,10.0
1623691845.0,366985270.0,37.821266,-122.456848,11.537776,0.938086,0.346403,60.0,25.0,9.0,0.467154,1623691845.0,367139040.0,37.818725,-122.4882,17.570723,0.976003,0.217756,90.0,0.0,0.0,0.443106,1623691845.0,369140000.0,37.811486,-122.504409,8.707892,-0.89392,-0.448226,90.0,73.0,0.0,0.45546,252.21153846153845,9.221153846153848,10.0
1623691846.0,366985270.0,37.821284,-122.456785,11.536499,0.937956,0.346755,60.0,25.0,9.0,0.465278,1623691846.0,367139040.0,37.818743,-122.4881,17.567335,0.975518,0.219919,90.0,0.0,0.0,0.44123,1623691846.0,369140000.0,37.811468,-122.504454,8.750929,-0.893411,-0.449241,90.0,73.0,0.0,0.4538,252.2179487179488,9.221794871794872,10.0
1623691847.0,366985270.0,37.821302,-122.456722,11.535192,0.937825,0.34711,60.0,25.0,9.0,0.463403,1623691847.0,367139040.0,37.81876,-122.487999,17.563421,0.975009,0.222166,90.0,0.0,0.0,0.439355,1623691847.0,369140000.0,37.81145,-122.5045,8.794843,-0.892895,-0.450265,90.0,73.0,0.0,0.452132,252.22435897435892,9.222435897435895,10.0
1623691848.0,366985270.0,37.821321,-122.456658,11.533857,0.937692,0.347467,60.0,25.0,9.0,0.461527,1623691848.0,367139040.0,37.818779,-122.487899,17.55899,0.974475,0.224498,90.0,0.0,0.0,0.437481,1623691848.0,369140000.0,37.811432,-122.504546,8.8383,-0.892391,-0.451263,90.0,73.0,0.0,0.450456,252.23076923076923,9.223076923076922,10.0
1623691849.0,366985270.0,37.82134,-122.456595,11.532492,0.937559,0.347827,60.0,25.0,9.0,0.459652,1623691849.0,367139040.0,37.818797,-122.487799,17.554055,0.973915,0.226915,90.0,0.0,0.0,0.435607,1623691849.0,369140000.0,37.811413,-122.504592,8.880965,-0.891904,-0.452225,90.0,73.0,0.0,0.448773,252.23717948717947,9.22371794871795,10.0
1623691850.0,366985270.0,37.821358,-122.456532,11.531098,0.937424,0.348191,60.0,25.0,9.0,0.457778,1623691850.0,367139040.0,37.818815,-122.487699,17.548627,0.973328,0.229417,90.0,0.0,0.0,0.433734,1623691850.0,369140000.0,37.811395,-122.504639,8.922837,-0.891433,-0.453153,90.0,73.0,0.0,0.447081,252.24358974358967,9.224358974358974,10.0
1623691851.0,366985270.0,37.821377,-122.456468,11.529674,0.937288,0.348557,60.0,25.0,9.0,0.455903,1623691851.0,367139040.0,37.818834,-122.487599,17.542717,0.972715,0.232004,90.0,0.0,0.0,0.431862,1623691851.0,369140000.0,37.811376,-122.504685,8.963915,-0.890978,-0.454046,90.0,73.0,0.0,0.445382,252.25,9.225,10.0
1623691852.0,366985270.0,37.821395,-122.456405,11.528222,0.93715,0.348926,60.0,25.0,9.0,0.454029,1623691852.0,367139040.0,37.818853,-122.487499,17.536339,0.972073,0.234677,90.0,0.0,0.0,0.429991,1623691852.0,369140000.0,37.811357,-122.504732,9.004198,-0.890539,-0.454907,90.0,73.0,0.0,0.443675,252.25641025641025,9.225641025641025,10.0
1623691853.0,366985270.0,37.821414,-122.456342,11.526741,0.937011,0.349299,60.0,25.0,9.0,0.452156,1623691853.0,367139040.0,37.818872,-122.487399,17.529504,0.971403,0.237436,90.0,0.0,0.0,0.428121,1623691853.0,369140000.0,37.811338,-122.504779,9.043685,-0.890116,-0.455735,90.0,73.0,0.0,0.44196,252.26282051282053,9.226282051282052,10.0
1623691854.0,366985270.0,37.821433,-122.456278,11.525231,0.936871,0.349674,60.0,25.0,9.0,0.450282,1623691854.0,367139040.0,37.818891,-122.487299,17.522226,0.970704,0.24028,90.0,0.0,0.0,0.426251,1623691854.0,369140000.0,37.811319,-122.504826,9.082376,-0.889708,-0.456531,90.0,73.0,0.0,0.440239,252.2692307692308,9.226923076923075,10.0
1623691855.0,366985270.0,37.821451,-122.456215,11.523692,0.93673,0.350052,60.0,25.0,9.0,0.448409,1623691855.0,367139040.0,37.81891,-122.4872,17.51452,0.969974,0.24321,90.0,0.0,0.0,0.424383,1623691855.0,369140000.0,37.8113,-122.504873,9.120269,-0.889314,-0.457296,90.0,73.0,0.0,0.43851,252.27564102564105,9.227564102564102,10.0
1623691856.0,366985270.0,37.82147,-122.456152,11.522124,0.936588,0.350433,60.0,25.0,9.0,0.446536,1623691856.0,367139040.0,37.81893,-122.4871,17.506399,0.969213,0.246225,90.0,0.0,0.0,0.422515,1623691856.0,369140000.0,37.811281,-122.504921,9.157364,-0.888936,-0.458031,90.0,73.0,0.0,0.436774,252.28205128205127,9.228205128205127,10.0
1623691857.0,366985270.0,37.821489,-122.456089,11.520527,0.936444,0.350817,60.0,25.0,9.0,0.444664,1623691857.0,367139040.0,37.81895,-122.487001,17.497877,0.968419,0.249327,90.0,0.0,0.0,0.420648,1623691857.0,369140000.0,37.811261,-122.504968,9.19366,-0.888573,-0.458735,90.0,73.0,0.0,0.435032,252.28846153846155,9.228846153846154,10.0
1623691858.0,366985270.0,37.821507,-122.456026,11.518901,0.936299,0.351204,60.0,25.0,9.0,0.442792,1623691858.0,367139040.0,37.81897,-122.486902,17.48897,0.967593,0.252515,90.0,0.0,0.0,0.418782,1623691858.0,369140000.0,37.811242,-122.505016,9.229157,-0.888224,-0.459411,90.0,73.0,0.0,0.433283,252.2948717948718,9.22948717948718,10.0
1623691859.0,366985270.0,37.821526,-122.455962,11.517247,0.936153,0.351594,60.0,25.0,9.0,0.44092,1623691859.0,367139040.0,37.818991,-122.486802,17.479694,0.966732,0.25579,90.0,0.0,0.0,0.416916,1623691859.0,369140000.0,37.811222,-122.505064,9.263854,-0.887889,-0.460057,90.0,73.0,0.0,0.431527,252.30128205128204,9.230128205128205,10.0
1623691860.0,366985270.0,37.821545,-122.455899,11.515564,0.936005,0.351987,60.0,25.0,9.0,0.439049,1623691860.0,367139040.0,37.819011,-122.486703,17.470064,0.965837,0.259151,90.0,0.0,0.0,0.415052,1623691860.0,369140000.0,37.811202,-122.505113,9.297751,-0.887568,-0.460676,90.0,73.0,0.0,0.429765,252.30769230769232,9.23076923076923,10.0
1623691861.0,366985270.0,37.821563,-122.455836,11.513852,0.935856,0.352383,60.0,25.0,9.0,0.437178,1623691861.0,367139040.0,37.819032,-122.486605,17.460098,0.964905,0.262598,90.0,0.0,0.0,0.413189,1623691861.0,369140000.0,37.811183,-122.505161,9.330846,-0.887262,-0.461266,90.0,73.0,0.0,0.427996,252.31410256410257,9.231410256410255,10.0
1623691862.0,366985270.0,37.821582,-122.455773,11.512111,0.935706,0.352782,60.0,25.0,9.0,0.435307,1623691862.0,367139040.0,37.819054,-122.486506,17.449812,0.963937,0.266132,90.0,0.0,0.0,0.411326,1623691862.0,369140000.0,37.811163,-122.505209,9.36314,-0.886969,-0.46183,90.0,73.0,0.0,0.426221,252.3205128205128,9.232051282051282,10.0
1623691863.0,366985270.0,37.821601,-122.45571,11.510342,0.935554,0.353184,60.0,25.0,9.0,0.433437,1623691863.0,367139040.0,37.819075,-122.486407,17.439223,0.96293,0.269753,90.0,0.0,0.0,0.409465,1623691863.0,369140000.0,37.811143,-122.505258,9.394631,-0.886689,-0.462366,90.0,73.0,0.0,0.424441,252.32692307692307,9.232692307692307,10.0
1623691864.0,366985270.0,37.82162,-122.455647,11.508545,0.935401,0.353589,60.0,25.0,9.0,0.431567,1623691864.0,367139040.0,37.819097,-122.486309,17.42835,0.961883,0.27346,90.0,0.0,0.0,0.407604,1623691864.0,369140000.0,37.811123,-122.505307,9.42532,-0.886423,-0.462876,90.0,73.0,0.0,0.422655,252.3333333333333,9.233333333333333,10.0
1623691865.0,366985270.0,37.821639,-122.455584,11.506719,0.935247,0.353997,60.0,25.0,9.0,0.429698,1623691865.0,367139040.0,37.819119,-122.486211,17.417211,0.960797,0.277254,90.0,0.0,0.0,0.405745,1623691865.0,369140000.0,37.811102,-122.505356,9.455206,-0.88617,-0.46336,90.0,73.0,0.0,0.420863,252.3397435897436,9.23397435897436,10.0
1623691866.0,366985270.0,37.821657,-122.455521,11.504865,0.935091,0.354408,60.0,25.0,9.0,0.427829,1623691866.0,367139040.0,37.819141,-122.486113,17.405826,0.959668,0.281135,90.0,0.0,0.0,0.403886,1623691866.0,369140000.0,37.811082,-122.505405,9.484288,-0.88593,-0.463818,90.0,73.0,0.0,0.419065,252.34615384615384,9.234615384615385,10.0
1623691867.0,366985270.0,37.821676,-122.455458,11.502982,0.934934,0.354822,60.0,25.0,9.0,0.42596,1623691867.0,367139040.0,37.819164,-122.486015,17.394214,0.958497,0.285103,90.0,0.0,0.0,0.402028,1623691867.0,369140000.0,37.811062,-122.505454,9.512566,-0.885703,-0.464252,90.0,73.0,0.0,0.417262,252.3525641025641,9.23525641025641,10.0
1623691868.0,366985270.0,37.821695,-122.455395,11.501071,0.934776,0.355238,60.0,25.0,9.0,0.424092,1623691868.0,367139040.0,37.819187,-122.485917,17.382394,0.957282,0.289158,90.0,0.0,0.0,0.400171,1623691868.0,369140000.0,37.811041,-122.505503,9.54004,-0.885489,-0.46466,90.0,73.0,0.0,0.415454,252.3589743589744,9.235897435897437,10.0
1623691869.0,366985270.0,37.821714,-122.455332,11.499131,0.934616,0.355658,60.0,25.0,9.0,0.422224,1623691869.0,367139040.0,37.81921,-122.48582,17.370529,0.956027,0.29328,90.0,0.0,0.0,0.398315,1623691869.0,369140000.0,37.811021,-122.505553,9.566709,-0.885288,-0.465043,90.0,73.0,0.0,0.413641,252.3653846153846,9.236538461538462,10.0
1623691870.0,366985270.0,37.821733,-122.455269,11.497164,0.934455,0.356081,60.0,25.0,9.0,0.420356,1623691870.0,367139040.0,37.819234,-122.485723,17.359194,0.954756,0.29739,90.0,0.0,0.0,0.39646,1623691870.0,369140000.0,37.811,-122.505602,9.592574,-0.885099,-0.465403,90.0,73.0,0.0,0.411822,252.3717948717949,9.237179487179487,10.0
1623691871.0,366985270.0,37.821752,-122.455206,11.495168,0.934293,0.356507,60.0,25.0,9.0,0.418489,1623691871.0,367139040.0,37.819257,-122.485626,17.348525,0.953476,0.30147,90.0,0.0,0.0,0.394606,1623691871.0,369140000.0,37.81098,-122.505652,9.617633,-0.884922,-0.465738,90.0,73.0,0.0,0.409999,252.3782051282052,9.237820512820512,10.0
1623691872.0,366985270.0,37.821771,-122.455143,11.493144,0.934129,0.356936,60.0,25.0,9.0,0.416623,1623691872.0,367139040.0,37.819282,-122.485529,17.338516,0.952186,0.305519,90.0,0.0,0.0,0.392752,1623691872.0,369140000.0,37.810959,-122.505702,9.641886,-0.884758,-0.46605,90.0,73.0,0.0,0.408172,252.3846153846154,9.238461538461538,10.0
1623691873.0,366985270.0,37.82179,-122.45508,11.491092,0.933964,0.357368,60.0,25.0,9.0,0.414756,1623691873.0,367139040.0,37.819306,-122.485432,17.32916,0.950888,0.309536,90.0,0.0,0.0,0.3909,1623691873.0,369140000.0,37.810938,-122.505752,9.665334,-0.884606,-0.466339,90.0,73.0,0.0,0.40634,252.39102564102564,9.239102564102565,10.0
1623691874.0,366985270.0,37.821809,-122.455017,11.489012,0.933797,0.357803,60.0,25.0,9.0,0.412891,1623691874.0,367139040.0,37.819331,-122.485336,17.320451,0.949581,0.313521,90.0,0.0,0.0,0.389048,1623691874.0,369140000.0,37.810917,-122.505802,9.687975,-0.884466,-0.466604,90.0,73.0,0.0,0.404503,252.39743589743588,9.23974358974359,10.0
1623691875.0,366985270.0,37.821828,-122.454954,11.486904,0.933629,0.358241,60.0,25.0,9.0,0.411025,1623691875.0,367139040.0,37.819356,-122.485239,17.312381,0.948267,0.317473,90.0,0.0,0.0,0.387197,1623691875.0,369140000.0,37.810896,-122.505852,9.709811,-0.884339,-0.466846,90.0,73.0,0.0,0.402662,252.40384615384616,9.240384615384617,10.0
1623691876.0,366985270.0,37.821847,-122.454892,11.484768,0.93346,0.358682,60.0,25.0,9.0,0.40916,1623691876.0,367139040.0,37.819382,-122.485143,17.304945,0.946946,0.321392,90.0,0.0,0.0,0.385346,1623691876.0,369140000.0,37.810875,-122.505902,9.73084,-0.884223,-0.467066,90.0,73.0,0.0,0.400818,252.4102564102564,9.24102564102564,10.0
1623691877.0,366985270.0,37.821866,-122.454829,11.482604,0.933289,0.359126,60.0,25.0,9.0,0.407296,1623691877.0,367139040.0,37.819407,-122.485047,17.298135,0.945618,0.325278,90.0,0.0,0.0,0.383496,1623691877.0,369140000.0,37.810854,-122.505953,9.751062,-0.884118,-0.467263,90.0,73.0,0.0,0.398969,252.41666666666663,9.241666666666667,10.0
1623691878.0,366985270.0,37.821885,-122.454766,11.480413,0.933117,0.359573,60.0,25.0,9.0,0.405432,1623691878.0,367139040.0,37.819433,-122.484951,17.291945,0.944284,0.329131,90.0,0.0,0.0,0.381647,1623691878.0,369140000.0,37.810833,-122.506003,9.770477,-0.884026,-0.467438,90.0,73.0,0.0,0.397116,252.42307692307693,9.242307692307692,10.0
1623691879.0,366985270.0,37.821904,-122.454703,11.478193,0.932943,0.360023,60.0,25.0,9.0,0.403569,1623691879.0,367139040.0,37.81946,-122.484856,17.286369,0.942945,0.332949,90.0,0.0,0.0,0.379798,1623691879.0,369140000.0,37.810812,-122.506054,9.789086,-0.883945,-0.467591,90.0,73.0,0.0,0.39526,252.4294871794872,9.242948717948718,10.0
1623691880.0,366985270.0,37.821923,-122.454641,11.475946,0.932769,0.360476,60.0,25.0,9.0,0.401706,1623691880.0,367139040.0,37.819486,-122.48476,17.281399,0.9416,0.336734,90.0,0.0,0.0,0.377949,1623691880.0,369140000.0,37.810791,-122.506105,9.806887,-0.883876,-0.467722,90.0,73.0,0.0,0.393401,252.43589743589743,9.243589743589745,10.0
1623691881.0,366985270.0,37.821942,-122.454578,11.473672,0.932592,0.360932,60.0,25.0,9.0,0.399843,1623691881.0,367139040.0,37.819513,-122.484665,17.277029,0.94025,0.340484,90.0,0.0,0.0,0.376101,1623691881.0,369140000.0,37.81077,-122.506155,9.823881,-0.883818,-0.467831,90.0,73.0,0.0,0.391538,252.44230769230768,9.24423076923077,10.0
1623691882.0,366985270.0,37.821962,-122.454515,11.471369,0.932414,0.361391,60.0,25.0,9.0,0.397981,1623691882.0,367139040.0,37.81954,-122.48457,17.273253,0.938897,0.344199,90.0,0.0,0.0,0.374254,1623691882.0,369140000.0,37.810748,-122.506206,9.840068,-0.883772,-0.467919,90.0,73.0,0.0,0.389672,252.448717948718,9.244871794871797,10.0
1623691883.0,366985270.0,37.821981,-122.454453,11.469039,0.932235,0.361853,60.0,25.0,9.0,0.396119,1623691883.0,367139040.0,37.819568,-122.484475,17.270064,0.937539,0.347879,90.0,0.0,0.0,0.372406,1623691883.0,369140000.0,37.810727,-122.506257,9.855447,-0.883737,-0.467985,90.0,73.0,0.0,0.387802,252.4551282051282,9.24551282051282,10.0
1623691884.0,366985270.0,37.822,-122.45439,11.466703,0.932055,0.362318,60.0,25.0,9.0,0.394258,1623691884.0,367139040.0,37.819596,-122.48438,17.267454,0.936179,0.351524,90.0,0.0,0.0,0.370559,1623691884.0,369140000.0,37.810706,-122.506308,9.870019,-0.883713,-0.468029,90.0,73.0,0.0,0.38593,252.46153846153845,9.246153846153844,10.0
1623691885.0,366985270.0,37.822019,-122.454327,11.464441,0.931874,0.362782,60.0,25.0,9.0,0.392398,1623691885.0,367139040.0,37.819624,-122.484285,17.265419,0.934816,0.355133,90.0,0.0,0.0,0.368713,1623691885.0,369140000.0,37.810684,-122.506359,9.883784,-0.8837,-0.468053,90.0,73.0,0.0,0.384056,252.4679487179488,9.246794871794872,10.0
1623691886.0,366985270.0,37.822038,-122.454265,11.462275,0.931694,0.363245,60.0,25.0,9.0,0.390537,1623691886.0,367139040.0,37.819652,-122.484191,17.26395,0.93345,0.358707,90.0,0.0,0.0,0.366866,1623691886.0,369140000.0,37.810663,-122.50641,9.896741,-0.883699,-0.468055,90.0,73.0,0.0,0.382178,252.47435897435892,9.247435897435896,10.0
1623691887.0,366985270.0,37.822058,-122.454202,11.460205,0.931513,0.363707,60.0,25.0,9.0,0.388678,1623691887.0,367139040.0,37.819681,-122.484096,17.263042,0.932083,0.362244,90.0,0.0,0.0,0.36502,1623691887.0,369140000.0,37.810642,-122.506461,9.90889,-0.883709,-0.468036,90.0,73.0,0.0,0.380298,252.48076923076923,9.248076923076924,10.0
1623691888.0,366985270.0,37.822077,-122.45414,11.458231,0.931333,0.364168,60.0,25.0,9.0,0.386819,1623691888.0,367139040.0,37.81971,-122.484002,17.262687,0.930715,0.365745,90.0,0.0,0.0,0.363174,1623691888.0,369140000.0,37.81062,-122.506513,9.920232,-0.88373,-0.467997,90.0,73.0,0.0,0.378416,252.48717948717947,9.24871794871795,10.0
1623691889.0,366985270.0,37.822096,-122.454077,11.456353,0.931153,0.364628,60.0,25.0,9.0,0.38496,1623691889.0,367139040.0,37.819739,-122.483908,17.26288,0.929346,0.36921,90.0,0.0,0.0,0.361328,1623691889.0,369140000.0,37.810599,-122.506564,9.930767,-0.883762,-0.467936,90.0,73.0,0.0,0.376532,252.49358974358967,9.249358974358977,10.0
1623691890.0,366985270.0,37.822116,-122.454015,11.45457,0.930974,0.365086,60.0,25.0,9.0,0.383101,1623691890.0,367139040.0,37.819768,-122.483814,17.263614,0.927977,0.372638,90.0,0.0,0.0,0.359482,1623691890.0,369140000.0,37.810577,-122.506616,9.940495,-0.883806,-0.467854,90.0,73.0,0.0,0.374645,252.5,9.25,10.0
1623691891.0,366985270.0,37.822135,-122.453952,11.452882,0.930794,0.365544,60.0,25.0,9.0,0.381243,1623691891.0,367139040.0,37.819798,-122.48372,17.264882,0.926608,0.37603,90.0,0.0,0.0,0.357636,1623691891.0,369140000.0,37.810556,-122.506667,9.949415,-0.88386,-0.467752,90.0,73.0,0.0,0.372757,252.50641025641025,9.250641025641023,10.0
1623691892.0,366985270.0,37.822154,-122.45389,11.451291,0.930615,0.366,60.0,25.0,9.0,0.379386,1623691892.0,367139040.0,37.819828,-122.483627,17.266678,0.925239,0.379384,90.0,0.0,0.0,0.35579,1623691892.0,369140000.0,37.810534,-122.506718,9.957527,-0.883925,-0.467628,90.0,73.0,0.0,0.370867,252.51282051282053,9.25128205128205,10.0
1623691893.0,366985270.0,37.822174,-122.453827,11.449795,0.930436,0.366455,60.0,25.0,9.0,0.377529,1623691893.0,367139040.0,37.819859,-122.483533,17.268995,0.923872,0.382702,90.0,0.0,0.0,0.353944,1623691893.0,369140000.0,37.810513,-122.50677,9.964833,-0.884001,-0.467484,90.0,73.0,0.0,0.368975,252.5192307692308,9.251923076923076,10.0
1623691894.0,366985270.0,37.822193,-122.453765,11.448395,0.930257,0.366909,60.0,25.0,9.0,0.375672,1623691894.0,367139040.0,37.819889,-122.48344,17.271828,0.922506,0.385982,90.0,0.0,0.0,0.352099,1623691894.0,369140000.0,37.810491,-122.506822,9.971332,-0.884089,-0.467319,90.0,73.0,0.0,0.367082,252.52564102564105,9.252564102564104,10.0
1623691895.0,366985270.0,37.822213,-122.453703,11.44709,0.930078,0.367362,60.0,25.0,9.0,0.373815,1623691895.0,367139040.0,37.81992,-122.483346,17.275169,0.921143,0.389225,90.0,0.0,0.0,0.350253,1623691895.0,369140000.0,37.810469,-122.506873,9.977023,-0.884187,-0.467133,90.0,73.0,0.0,0.365188,252.53205128205127,9.253205128205128,10.0
1623691896.0,366985270.0,37.822232,-122.45364,11.445881,0.9299,0.367813,60.0,25.0,9.0,0.371959,1623691896.0,367139040.0,37.819951,-122.483253,17.279012,0.919782,0.39243,90.0,0.0,0.0,0.348406,1623691896.0,369140000.0,37.810448,-122.506925,9.981908,-0.884296,-0.466927,90.0,73.0,0.0,0.363293,252.53846153846155,9.253846153846156,10.0
1623691897.0,366985270.0,37.822252,-122.453578,11.444767,0.929722,0.368263,60.0,25.0,9.0,0.370103,1623691897.0,367139040.0,37.819982,-122.48316,17.283352,0.918424,0.395597,90.0,0.0,0.0,0.34656,1623691897.0,369140000.0,37.810426,-122.506977,9.985987,-0.884416,-0.466699,90.0,73.0,0.0,0.361396,252.5448717948718,9.25448717948718,10.0
1623691898.0,366985270.0,37.822271,-122.453516,11.443749,0.929544,0.368712,60.0,25.0,9.0,0.368248,1623691898.0,367139040.0,37.820014,-122.483067,17.288181,0.91707,0.398727,90.0,0.0,0.0,0.344714,1623691898.0,369140000.0,37.810405,-122.507028,9.989259,-0.884547,-0.466451,90.0,73.0,0.0,0.359499,252.55128205128204,9.255128205128203,10.0
1623691899.0,366985270.0,37.822291,-122.453453,11.442827,0.929366,0.36916,60.0,25.0,9.0,0.366392,1623691899.0,367139040.0,37.820046,-122.482974,17.293494,0.915719,0.401819,90.0,0.0,0.0,0.342867,1623691899.0,369140000.0,37.810383,-122.50708,9.991724,-0.884689,-0.466181,90.0,73.0,0.0,0.357601,252.55769230769232,9.25576923076923,10.0
1623691900.0,366985270.0,37.82231,-122.453391,11.442,0.929188,0.369606,60.0,25.0,9.0,0.364537,1623691900.0,367139040.0,37.820078,-122.482881,17.299285,0.914373,0.404874,90.0,0.0,0.0,0.34102,1623691900.0,369140000.0,37.810362,-122.507132,9.993384,-0.884842,-0.465891,90.0,73.0,0.0,0.355702,252.56410256410257,9.256410256410255,10.0
1623691901.0,366985270.0,37.82233,-122.453329,11.441268,0.929011,0.370052,60.0,25.0,9.0,0.362682,1623691901.0,367139040.0,37.820111,-122.482789,17.305546,0.913031,0.40789,90.0,0.0,0.0,0.339173,1623691901.0,369140000.0,37.81034,-122.507184,9.994238,-0.885006,-0.46558,90.0,73.0,0.0,0.353803,252.5705128205128,9.257051282051282,10.0
1623691902.0,366985270.0,37.822349,-122.453267,11.440632,0.928834,0.370496,60.0,25.0,9.0,0.360828,1623691902.0,367139040.0,37.820143,-122.482696,17.312273,0.911695,0.410868,90.0,0.0,0.0,0.337325,1623691902.0,369140000.0,37.810319,-122.507235,9.994287,-0.885181,-0.465247,90.0,73.0,0.0,0.351904,252.57692307692307,9.257692307692308,10.0
1623691903.0,366985270.0,37.822369,-122.453204,11.440091,0.928658,0.370938,60.0,25.0,9.0,0.358974,1623691903.0,367139040.0,37.820176,-122.482604,17.319459,0.910364,0.413808,90.0,0.0,0.0,0.335477,1623691903.0,369140000.0,37.810297,-122.507287,9.99353,-0.885367,-0.464893,90.0,73.0,0.0,0.350005,252.5833333333333,9.258333333333333,10.0
1623691904.0,366985270.0,37.822388,-122.453142,11.439646,0.928481,0.37138,60.0,25.0,9.0,0.357119,1623691904.0,367139040.0,37.820209,-122.482511,17.327098,0.909039,0.41671,90.0,0.0,0.0,0.333629,1623691904.0,369140000.0,37.810276,-122.507339,9.991968,-0.885564,-0.464518,90.0,73.0,0.0,0.348106,252.5897435897436,9.25897435897436,10.0
1623691905.0,366985270.0,37.822408,-122.45308,11.439296,0.928305,0.37182,60.0,25.0,9.0,0.355265,1623691905.0,367139040.0,37.820243,-122.482419,17.335185,0.907721,0.419574,90.0,0.0,0.0,0.33178,1623691905.0,369140000.0,37.810254,-122.507391,9.989602,-0.885772,-0.464121,90.0,73.0,0.0,0.346206,252.59615384615384,9.259615384615383,10.0
1623691906.0,366985270.0,37.822428,-122.453018,11.439041,0.928129,0.372258,60.0,25.0,9.0,0.353412,1623691906.0,367139040.0,37.820276,-122.482327,17.343712,0.906409,0.4224,90.0,0.0,0.0,0.329931,1623691906.0,369140000.0,37.810233,-122.507443,9.986432,-0.885991,-0.463703,90.0,73.0,0.0,0.344308,252.6025641025641,9.26025641025641,10.0
1623691907.0,366985270.0,37.822448,-122.452956,11.438882,0.927954,0.372696,60.0,25.0,9.0,0.351558,1623691907.0,367139040.0,37.82031,-122.482235,17.352675,0.905105,0.425188,90.0,0.0,0.0,0.328081,1623691907.0,369140000.0,37.810211,-122.507494,9.982457,-0.886221,-0.463263,90.0,73.0,0.0,0.342409,252.6089743589744,9.260897435897435,10.0
1623691908.0,366985270.0,37.822467,-122.452893,11.438818,0.927778,0.373132,60.0,25.0,9.0,0.349705,1623691908.0,367139040.0,37.820344,-122.482143,17.362068,0.903808,0.427937,90.0,0.0,0.0,0.326231,1623691908.0,369140000.0,37.81019,-122.507546,9.977679,-0.886462,-0.462801,90.0,73.0,0.0,0.340511,252.6153846153846,9.261538461538462,10.0
1623691909.0,366985270.0,37.822487,-122.452831,11.438849,0.927603,0.373567,60.0,25.0,9.0,0.347851,1623691909.0,367139040.0,37.820379,-122.482051,17.371885,0.90252,0.430648,90.0,0.0,0.0,0.32438,1623691909.0,369140000.0,37.810168,-122.507598,9.972097,-0.886715,-0.462317,90.0,73.0,0.0,0.338614,252.6217948717949,9.262179487179488,10.0
1623691910.0,366985270.0,37.822507,-122.452769,11.438976,0.927429,0.374,60.0,25.0,9.0,0.345998,1623691910.0,367139040.0,37.820413,-122.481959,17.38212,0.901239,0.433321,90.0,0.0,0.0,0.322529,1623691910.0,369140000.0,37.810147,-122.50765,9.965713,-0.886978,-0.461811,90.0,73.0,0.0,0.336718,252.6282051282052,9.262820512820513,10.0
1623691911.0,366985270.0,37.822527,-122.452707,11.439197,0.927254,0.374432,60.0,25.0,9.0,0.344145,1623691911.0,367139040.0,37.820448,-122.481867,17.392768,0.899968,0.435956,90.0,0.0,0.0,0.320677,1623691911.0,369140000.0,37.810126,-122.507702,9.958526,-0.887253,-0.461283,90.0,73.0,0.0,0.334823,252.6346153846154,9.263461538461538,10.0
1623691912.0,366985270.0,37.822546,-122.452645,11.439514,0.92708,0.374862,60.0,25.0,9.0,0.342292,1623691912.0,367139040.0,37.820483,-122.481776,17.403823,0.898705,0.438553,90.0,0.0,0.0,0.318825,1623691912.0,369140000.0,37.810105,-122.507753,9.950538,-0.88754,-0.460731,90.0,73.0,0.0,0.332929,252.64102564102564,9.264102564102563,10.0
1623691913.0,366985270.0,37.822566,-122.452583,11.439927,0.926907,0.375292,60.0,25.0,9.0,0.340439,1623691913.0,367139040.0,37.820519,-122.481684,17.415279,0.897452,0.441112,90.0,0.0,0.0,0.316972,1623691913.0,369140000.0,37.810083,-122.507805,9.941748,-0.887837,-0.460158,90.0,73.0,0.0,0.331037,252.64743589743588,9.26474358974359,10.0
1623691914.0,366985270.0,37.822586,-122.452521,11.440434,0.926733,0.375719,60.0,25.0,9.0,0.338586,1623691914.0,367139040.0,37.820554,-122.481593,17.427131,0.896209,0.443632,90.0,0.0,0.0,0.315119,1623691914.0,369140000.0,37.810062,-122.507857,9.932156,-0.888146,-0.459561,90.0,73.0,0.0,0.329146,252.65384615384616,9.265384615384615,10.0
1623691915.0,366985270.0,37.822606,-122.452458,11.441037,0.92656,0.376146,60.0,25.0,9.0,0.336733,1623691915.0,367139040.0,37.82059,-122.481501,17.439375,0.894976,0.446115,90.0,0.0,0.0,0.313264,1623691915.0,369140000.0,37.810041,-122.507908,9.921765,-0.888467,-0.45894,90.0,73.0,0.0,0.327257,252.6602564102564,9.26602564102564,10.0
1623691916.0,366985270.0,37.822626,-122.452396,11.441734,0.926388,0.376571,60.0,25.0,9.0,0.33488,1623691916.0,367139040.0,37.820626,-122.48141,17.452003,0.893753,0.448559,90.0,0.0,0.0,0.311409,1623691916.0,369140000.0,37.81002,-122.50796,9.910743,-0.888795,-0.458304,90.0,73.0,0.0,0.325369,252.66666666666663,9.266666666666667,10.0
1623691917.0,366985270.0,37.822646,-122.452334,11.442527,0.926216,0.376994,60.0,25.0,9.0,0.333027,1623691917.0,367139040.0,37.820662,-122.481318,17.465012,0.892541,0.450966,90.0,0.0,0.0,0.309554,1623691917.0,369140000.0,37.809999,-122.508012,9.89977,-0.889116,-0.457682,90.0,73.0,0.0,0.323483,252.67307692307693,9.267307692307693,10.0
1623691918.0,366985270.0,37.822666,-122.452272,11.443415,0.926044,0.377416,60.0,25.0,9.0,0.331174,1623691918.0,367139040.0,37.820698,-122.481227,17.478396,0.89134,0.453335,90.0,0.0,0.0,0.307698,1623691918.0,369140000.0,37.809978,-122.508063,9.889015,-0.889424,-0.457083,90.0,73.0,0.0,0.3216,252.6794871794872,9.267948717948718,10.0
1623691919.0,366985270.0,37.822686,-122.45221,11.444398,0.925872,0.377837,60.0,25.0,9.0,0.329321,1623691919.0,367139040.0,37.820735,-122.481136,17.49215,0.890151,0.455666,90.0,0.0,0.0,0.30584,1623691919.0,369140000.0,37.809957,-122.508115,9.878478,-0.889721,-0.456505,90.0,73.0,0.0,0.319718,252.68589743589743,9.268589743589745,10.0
1623691920.0,366985270.0,37.822706,-122.452148,11.445476,0.925701,0.378256,60.0,25.0,9.0,0.327468,1623691920.0,367139040.0,37.820772,-122.481045,17.506269,0.888973,0.457959,90.0,0.0,0.0,0.303983,1623691920.0,369140000.0,37.809936,-122.508166,9.868158,-0.890005,-0.45595,90.0,73.0,0.0,0.317837,252.69230769230768,9.26923076923077,10.0
1623691921.0,366985270.0,37.822726,-122.452086,11.446649,0.92553,0.378674,60.0,25.0,9.0,0.325615,1623691921.0,367139040.0,37.820809,-122.480954,17.520747,0.887808,0.460214,90.0,0.0,0.0,0.302124,1623691921.0,369140000.0,37.809915,-122.508218,9.858055,-0.890278,-0.455417,90.0,73.0,0.0,0.315959,252.698717948718,9.269871794871795,10.0
1623691922.0,366985270.0,37.822746,-122.452024,11.447917,0.92536,0.37909,60.0,25.0,9.0,0.323762,1623691922.0,367139040.0,37.820846,-122.480862,17.535581,0.886655,0.462432,90.0,0.0,0.0,0.300265,1623691922.0,369140000.0,37.809895,-122.508269,9.848168,-0.890539,-0.454907,90.0,73.0,0.0,0.314083,252.7051282051282,9.27051282051282,10.0
1623691923.0,366985270.0,37.822766,-122.451962,11.44928,0.92519,0.379505,60.0,25.0,9.0,0.321908,1623691923.0,367139040.0,37.820884,-122.480771,17.550764,0.885514,0.464613,90.0,0.0,0.0,0.298404,1623691923.0,369140000.0,37.809874,-122.50832,9.838497,-0.890788,-0.454419,90.0,73.0,0.0,0.312208,252.71153846153845,9.271153846153846,10.0
1623691924.0,366985270.0,37.822786,-122.4519,11.450738,0.92502,0.379918,60.0,25.0,9.0,0.320055,1623691924.0,367139040.0,37.820922,-122.48068,17.566293,0.884386,0.466756,90.0,0.0,0.0,0.296543,1623691924.0,369140000.0,37.809853,-122.508372,9.829041,-0.891025,-0.453955,90.0,73.0,0.0,0.310335,252.7179487179488,9.271794871794873,10.0
1623691925.0,366985270.0,37.822806,-122.451838,11.452291,0.924851,0.38033,60.0,25.0,9.0,0.318201,1623691925.0,367139040.0,37.82096,-122.480589,17.582162,0.883271,0.468862,90.0,0.0,0.0,0.294682,1623691925.0,369140000.0,37.809833,-122.508423,9.819801,-0.89125,-0.453513,90.0,73.0,0.0,0.308463,252.72435897435892,9.272435897435898,10.0
1623691926.0,366985270.0,37.822826,-122.451776,11.453938,0.924682,0.38074,60.0,25.0,9.0,0.316348,1623691926.0,367139040.0,37.820998,-122.480498,17.598368,0.88217,0.470931,90.0,0.0,0.0,0.292819,1623691926.0,369140000.0,37.809812,-122.508474,9.810775,-0.891463,-0.453094,90.0,73.0,0.0,0.306594,252.73076923076923,9.273076923076925,10.0
1623691927.0,366985270.0,37.822846,-122.451714,11.455681,0.924514,0.381149,60.0,25.0,9.0,0.314494,1623691927.0,367139040.0,37.821036,-122.480407,17.614904,0.881083,0.472962,90.0,0.0,0.0,0.290955,1623691927.0,369140000.0,37.809791,-122.508525,9.801963,-0.891663,-0.452699,90.0,73.0,0.0,0.304725,252.73717948717947,9.273717948717948,10.0
1623691928.0,366985270.0,37.822867,-122.451652,11.457519,0.924346,0.381556,60.0,25.0,9.0,0.31264,1623691928.0,367139040.0,37.821075,-122.480317,17.631768,0.880009,0.474957,90.0,0.0,0.0,0.289091,1623691928.0,369140000.0,37.809771,-122.508577,9.793365,-0.891852,-0.452327,90.0,73.0,0.0,0.302859,252.74358974358967,9.274358974358975,10.0
1623691929.0,366985270.0,37.822887,-122.45159,11.459451,0.924178,0.381962,60.0,25.0,9.0,0.310786,1623691929.0,367139040.0,37.821113,-122.480226,17.648954,0.878949,0.476915,90.0,0.0,0.0,0.287225,1623691929.0,369140000.0,37.80975,-122.508628,9.784981,-0.892029,-0.451978,90.0,73.0,0.0,0.300994,252.75,9.275,10.0
1623691930.0,366985270.0,37.822907,-122.451528,11.461478,0.924011,0.382366,60.0,25.0,9.0,0.308932,1623691930.0,367139040.0,37.821152,-122.480135,17.666457,0.877904,0.478836,90.0,0.0,0.0,0.285359,1623691930.0,369140000.0,37.80973,-122.508679,9.77681,-0.892194,-0.451652,90.0,73.0,0.0,0.29913,252.75641025641025,9.275641025641026,10.0
1623691931.0,366985270.0,37.822927,-122.451466,11.4636,0.923844,0.382768,60.0,25.0,9.0,0.307077,1623691931.0,367139040.0,37.821191,-122.480044,17.684275,0.876874,0.480721,90.0,0.0,0.0,0.283492,1623691931.0,369140000.0,37.80971,-122.50873,9.768852,-0.892347,-0.451351,90.0,73.0,0.0,0.297268,252.76282051282053,9.27628205128205,10.0
1623691932.0,366985270.0,37.822948,-122.451404,11.465817,0.923678,0.383169,60.0,25.0,9.0,0.305222,1623691932.0,367139040.0,37.821231,-122.479953,17.702402,0.875858,0.482569,90.0,0.0,0.0,0.281624,1623691932.0,369140000.0,37.809689,-122.508781,9.761107,-0.892487,-0.451072,90.0,73.0,0.0,0.295407,252.7692307692308,9.276923076923078,10.0
1623691933.0,366985270.0,37.822968,-122.451342,11.468128,0.923512,0.383569,60.0,25.0,9.0,0.303367,1623691933.0,367139040.0,37.82127,-122.479862,17.720835,0.874858,0.48438,90.0,0.0,0.0,0.279755,1623691933.0,369140000.0,37.809669,-122.508832,9.753574,-0.892616,-0.450818,90.0,73.0,0.0,0.293548,252.77564102564105,9.277564102564105,10.0
1623691934.0,366985270.0,37.822988,-122.45128,11.470534,0.923347,0.383967,60.0,25.0,9.0,0.301512,1623691934.0,367139040.0,37.82131,-122.479772,17.739569,0.873872,0.486156,90.0,0.0,0.0,0.277885,1623691934.0,369140000.0,37.809648,-122.508883,9.746253,-0.892732,-0.450587,90.0,73.0,0.0,0.29169,252.78205128205127,9.278205128205128,10.0
1623691935.0,366985270.0,37.823009,-122.451218,11.473035,0.923182,0.384363,60.0,25.0,9.0,0.299656,1623691935.0,367139040.0,37.82135,-122.479681,17.758601,0.872902,0.487895,90.0,0.0,0.0,0.276014,1623691935.0,369140000.0,37.809628,-122.508934,9.739145,-0.892837,-0.450381,90.0,73.0,0.0,0.289834,252.78846153846155,9.278846153846152,10.0
1623691936.0,366985270.0,37.823029,-122.451156,11.475631,0.923018,0.384758,60.0,25.0,9.0,0.2978,1623691936.0,367139040.0,37.82139,-122.47959,17.777635,0.871937,0.489618,90.0,0.0,0.0,0.274142,1623691936.0,369140000.0,37.809608,-122.508985,9.732248,-0.892929,-0.450198,90.0,73.0,0.0,0.287978,252.7948717948718,9.27948717948718,10.0
1623691937.0,366985270.0,37.82305,-122.451093,11.478321,0.922854,0.385151,60.0,25.0,9.0,0.295944,1623691937.0,367139040.0,37.82143,-122.479499,17.79551,0.870935,0.491398,90.0,0.0,0.0,0.272269,1623691937.0,369140000.0,37.809588,-122.509036,9.725563,-0.893009,-0.450039,90.0,73.0,0.0,0.286124,252.80128205128204,9.280128205128204,10.0
1623691938.0,366985270.0,37.82307,-122.451031,11.481106,0.92269,0.385542,60.0,25.0,9.0,0.294088,1623691938.0,367139040.0,37.821471,-122.479408,17.811944,0.869884,0.493256,90.0,0.0,0.0,0.270396,1623691938.0,369140000.0,37.809567,-122.509087,9.71909,-0.893077,-0.449904,90.0,73.0,0.0,0.284272,252.80769230769232,9.28076923076923,10.0
1623691939.0,366985270.0,37.823091,-122.450969,11.483985,0.922527,0.385932,60.0,25.0,9.0,0.292231,1623691939.0,367139040.0,37.821511,-122.479318,17.826948,0.868784,0.495191,90.0,0.0,0.0,0.268522,1623691939.0,369140000.0,37.809547,-122.509137,9.712828,-0.893132,-0.449794,90.0,73.0,0.0,0.28242,252.81410256410257,9.281410256410256,10.0
1623691940.0,366985270.0,37.823111,-122.450907,11.486959,0.922365,0.38632,60.0,25.0,9.0,0.290374,1623691940.0,367139040.0,37.821552,-122.479227,17.840533,0.867634,0.497203,90.0,0.0,0.0,0.266647,1623691940.0,369140000.0,37.809527,-122.509188,9.706778,-0.893176,-0.449708,90.0,73.0,0.0,0.28057,252.8205128205128,9.282051282051285,10.0
1623691941.0,366985270.0,37.823132,-122.450845,11.490028,0.922203,0.386707,60.0,25.0,9.0,0.288516,1623691941.0,367139040.0,37.821593,-122.479136,17.85271,0.866434,0.499292,90.0,0.0,0.0,0.264772,1623691941.0,369140000.0,37.809507,-122.509239,9.700938,-0.893207,-0.449646,90.0,73.0,0.0,0.27872,252.82692307692307,9.282692307692308,10.0
1623691942.0,366985270.0,37.823152,-122.450783,11.493191,0.922041,0.387092,60.0,25.0,9.0,0.286658,1623691942.0,367139040.0,37.821634,-122.479046,17.863492,0.865182,0.501458,90.0,0.0,0.0,0.262897,1623691942.0,369140000.0,37.809486,-122.50929,9.69531,-0.893226,-0.449608,90.0,73.0,0.0,0.276872,252.8333333333333,9.283333333333331,10.0
1623691943.0,366985270.0,37.823173,-122.450721,11.496448,0.92188,0.387475,60.0,25.0,9.0,0.2848,1623691943.0,367139040.0,37.821676,-122.478955,17.872892,0.863878,0.503701,90.0,0.0,0.0,0.261021,1623691943.0,369140000.0,37.809466,-122.50934,9.689894,-0.893233,-0.449595,90.0,73.0,0.0,0.275025,252.8397435897436,9.283974358974358,10.0
1623691944.0,366985270.0,37.823193,-122.450659,11.4998,0.92172,0.387856,60.0,25.0,9.0,0.282941,1623691944.0,367139040.0,37.821718,-122.478865,17.880922,0.862521,0.506021,90.0,0.0,0.0,0.259146,1623691944.0,369140000.0,37.809446,-122.509391,9.684688,-0.893227,-0.449606,90.0,73.0,0.0,0.273179,252.84615384615384,9.284615384615384,10.0
1623691945.0,366985270.0,37.823214,-122.450597,11.503247,0.92156,0.388236,60.0,25.0,9.0,0.281082,1623691945.0,367139040.0,37.821759,-122.478774,17.887596,0.86111,0.508419,90.0,0.0,0.0,0.257271,1623691945.0,369140000.0,37.809426,-122.509442,9.679693,-0.893209,-0.449642,90.0,73.0,0.0,0.271334,252.8525641025641,9.28525641025641,10.0
1623691946.0,366985270.0,37.823235,-122.450535,11.506788,0.9214,0.388615,60.0,25.0,9.0,0.279222,1623691946.0,367139040.0,37.821802,-122.478684,17.892929,0.859644,0.510893,90.0,0.0,0.0,0.255396,1623691946.0,369140000.0,37.809406,-122.509492,9.67491,-0.893179,-0.449702,90.0,73.0,0.0,0.26949,252.8589743589744,9.285897435897436,10.0
1623691947.0,366985270.0,37.823255,-122.450473,11.510423,0.921241,0.388991,60.0,25.0,9.0,0.277362,1623691947.0,367139040.0,37.821844,-122.478594,17.896935,0.858123,0.513445,90.0,0.0,0.0,0.253522,1623691947.0,369140000.0,37.809386,-122.509543,9.670338,-0.893136,-0.449786,90.0,73.0,0.0,0.267647,252.8653846153846,9.28653846153846,10.0
1623691948.0,366985270.0,37.823276,-122.450411,11.514153,0.921083,0.389366,60.0,25.0,9.0,0.275502,1623691948.0,367139040.0,37.821886,-122.478504,17.899629,0.856544,0.516074,90.0,0.0,0.0,0.251648,1623691948.0,369140000.0,37.809366,-122.509594,9.665977,-0.893081,-0.449895,90.0,73.0,0.0,0.265805,252.8717948717949,9.287179487179488,10.0
1623691949.0,366985270.0,37.823297,-122.450349,11.517977,0.920925,0.389739,60.0,25.0,9.0,0.273641,1623691949.0,367139040.0,37.821929,-122.478414,17.901027,0.854907,0.51878,90.0,0.0,0.0,0.249775,1623691949.0,369140000.0,37.809345,-122.509644,9.661828,-0.893014,-0.450029,90.0,73.0,0.0,0.263964,252.8782051282052,9.287820512820511,10.0
1623691950.0,366985270.0,37.823318,-122.450286,11.521896,0.920768,0.390111,60.0,25.0,9.0,0.271779,1623691950.0,367139040.0,37.821972,-122.478325,17.901146,0.853212,0.521564,90.0,0.0,0.0,0.247903,1623691950.0,369140000.0,37.809325,-122.509695,9.65789,-0.892934,-0.450187,90.0,73.0,0.0,0.262123,252.8846153846154,9.288461538461538,10.0
1623691951.0,366985270.0,37.823338,-122.450224,11.525909,0.920611,0.390481,60.0,25.0,9.0,0.269917,1623691951.0,367139040.0,37.822015,-122.478235,17.900002,0.851456,0.524426,90.0,0.0,0.0,0.246032,1623691951.0,369140000.0,37.809305,-122.509745,9.654165,-0.892842,-0.45037,90.0,73.0,0.0,0.260284,252.89102564102564,9.289102564102564,10.0
1623691952.0,366985270.0,37.823359,-122.450162,11.530016,0.920455,0.390849,60.0,25.0,9.0,0.268054,1623691952.0,367139040.0,37.822059,-122.478146,17.897614,0.849639,0.527365,90.0,0.0,0.0,0.244162,1623691952.0,369140000.0,37.809285,-122.509796,9.65065,-0.892737,-0.450578,90.0,73.0,0.0,0.258445,252.89743589743588,9.28974358974359,10.0
1623691953.0,366985270.0,37.82338,-122.4501,11.534194,0.9203,0.391214,60.0,25.0,9.0,0.266191,1623691953.0,367139040.0,37.822102,-122.478057,17.894,0.847759,0.530382,90.0,0.0,0.0,0.242294,1623691953.0,369140000.0,37.809265,-122.509846,9.647348,-0.89262,-0.45081,90.0,73.0,0.0,0.256607,252.90384615384616,9.290384615384616,10.0
1623691954.0,366985270.0,37.823401,-122.450038,11.538349,0.920148,0.39157,60.0,25.0,9.0,0.264327,1623691954.0,367139040.0,37.822146,-122.477968,17.889178,0.845815,0.533477,90.0,0.0,0.0,0.240426,1623691954.0,369140000.0,37.809245,-122.509896,9.644259,-0.89249,-0.451067,90.0,73.0,0.0,0.25477,252.9102564102564,9.29102564102564,10.0
1623691955.0,366985270.0,37.823422,-122.449976,11.542458,0.920001,0.391915,60.0,25.0,9.0,0.262463,1623691955.0,367139040.0,37.82219,-122.47788,17.883168,0.843805,0.53665,90.0,0.0,0.0,0.23856,1623691955.0,369140000.0,37.809225,-122.509947,9.641381,-0.892348,-0.451348,90.0,73.0,0.0,0.252933,252.91666666666663,9.291666666666666,10.0
1623691956.0,366985270.0,37.823443,-122.449913,11.54652,0.919858,0.392251,60.0,25.0,9.0,0.260598,1623691956.0,367139040.0,37.822235,-122.477791,17.87599,0.841729,0.539901,90.0,0.0,0.0,0.236696,1623691956.0,369140000.0,37.809205,-122.509997,9.638717,-0.892193,-0.451654,90.0,73.0,0.0,0.251097,252.92307692307693,9.292307692307691,10.0
1623691957.0,366985270.0,37.823464,-122.449851,11.550535,0.91972,0.392576,60.0,25.0,9.0,0.258733,1623691957.0,367139040.0,37.822279,-122.477703,17.867665,0.839584,0.54323,90.0,0.0,0.0,0.234833,1623691957.0,369140000.0,37.809184,-122.510048,9.636265,-0.892026,-0.451985,90.0,73.0,0.0,0.249261,252.9294871794872,9.292948717948718,10.0
1623691958.0,366985270.0,37.823485,-122.449789,11.554503,0.919585,0.39289,60.0,25.0,9.0,0.256867,1623691958.0,367139040.0,37.822324,-122.477615,17.858214,0.837369,0.546637,90.0,0.0,0.0,0.232972,1623691958.0,369140000.0,37.809164,-122.510098,9.634027,-0.891846,-0.45234,90.0,73.0,0.0,0.247426,252.93589743589743,9.293589743589743,10.0
1623691959.0,366985270.0,37.823506,-122.449727,11.558424,0.919455,0.393195,60.0,25.0,9.0,0.255,1623691959.0,367139040.0,37.82237,-122.477528,17.847661,0.835084,0.550123,90.0,0.0,0.0,0.231113,1623691959.0,369140000.0,37.809144,-122.510148,9.632002,-0.891653,-0.452719,90.0,73.0,0.0,0.245592,252.94230769230768,9.294230769230769,10.0
1623691960.0,366985270.0,37.823527,-122.449665,11.562298,0.919329,0.393489,60.0,25.0,9.0,0.253133,1623691960.0,367139040.0,37.822415,-122.47744,17.836027,0.832725,0.553687,90.0,0.0,0.0,0.229256,1623691960.0,369140000.0,37.809124,-122.510199,9.630192,-0.891448,-0.453123,90.0,73.0,0.0,0.243758,252.948717948718,9.294871794871796,10.0
1623691961.0,366985270.0,37.823548,-122.449602,11.566125,0.919208,0.393773,60.0,25.0,9.0,0.251266,1623691961.0,367139040.0,37.822461,-122.477353,17.823336,0.830291,0.55733,90.0,0.0,0.0,0.227402,1623691961.0,369140000.0,37.809104,-122.510249,9.628595,-0.89123,-0.453552,90.0,73.0,0.0,0.241925,252.9551282051282,9.29551282051282,10.0
1623691962.0,366985270.0,37.823569,-122.44954,11.569904,0.919091,0.394046,60.0,25.0,9.0,0.249397,1623691962.0,367139040.0,37.822507,-122.477267,17.809613,0.827781,0.561051,90.0,0.0,0.0,0.225549,1623691962.0,369140000.0,37.809084,-122.510299,9.627214,-0.890999,-0.454005,90.0,73.0,0.0,0.240092,252.96153846153845,9.296153846153846,10.0
1623691963.0,366985270.0,37.82359,-122.449478,11.573636,0.918978,0.39431,60.0,25.0,9.0,0.247529,1623691963.0,367139040.0,37.822553,-122.47718,17.794883,0.825193,0.564851,90.0,0.0,0.0,0.223699,1623691963.0,369140000.0,37.809063,-122.510349,9.626047,-0.890756,-0.454483,90.0,73.0,0.0,0.238259,252.9679487179488,9.296794871794871,10.0
1623691964.0,366985270.0,37.823611,-122.449415,11.57732,0.918869,0.394563,60.0,25.0,9.0,0.24566,1623691964.0,367139040.0,37.822599,-122.477094,17.779172,0.822524,0.56873,90.0,0.0,0.0,0.221851,1623691964.0,369140000.0,37.809043,-122.5104,9.625096,-0.890499,-0.454985,90.0,73.0,0.0,0.236427,252.97435897435892,9.297435897435898,10.0
1623691965.0,366985270.0,37.823632,-122.449353,11.580957,0.918765,0.394806,60.0,25.0,9.0,0.24379,1623691965.0,367139040.0,37.822646,-122.477009,17.762506,0.819774,0.572687,90.0,0.0,0.0,0.220005,1623691965.0,369140000.0,37.809023,-122.51045,9.624361,-0.89023,-0.455511,90.0,73.0,0.0,0.234595,252.98076923076923,9.298076923076923,10.0
1623691966.0,366985270.0,37.823653,-122.449291,11.584545,0.918664,0.395039,60.0,25.0,9.0,0.24192,1623691966.0,367139040.0,37.822693,-122.476923,17.744914,0.81694,0.576723,90.0,0.0,0.0,0.218162,1623691966.0,369140000.0,37.809003,-122.5105,9.623843,-0.889948,-0.456061,90.0,73.0,0.0,0.232764,252.98717948717947,9.298717948717949,10.0
1623691967.0,366985270.0,37.823674,-122.449228,11.588086,0.918569,0.395261,60.0,25.0,9.0,0.240049,1623691967.0,367139040.0,37.822741,-122.476838,17.726423,0.81402,0.580837,90.0,0.0,0.0,0.216322,1623691967.0,369140000.0,37.808982,-122.51055,9.623541,-0.889654,-0.456636,90.0,73.0,0.0,0.230933,252.99358974358967,9.299358974358974,10.0
1623691968.0,366985270.0,37.823696,-122.449166,11.591578,0.918477,0.395474,60.0,25.0,9.0,0.238178,1623691968.0,367139040.0,37.822788,-122.476754,17.707063,0.811012,0.585029,90.0,0.0,0.0,0.214485,1623691968.0,369140000.0,37.808962,-122.5106,9.623457,-0.889346,-0.457235,90.0,73.0,0.0,0.229102,253.0,9.3,10.0
1623691969.0,366985270.0,37.823717,-122.449104,11.595023,0.91839,0.395677,60.0,25.0,9.0,0.236306,1623691969.0,367139040.0,37.822836,-122.47667,17.686864,0.807914,0.5893,90.0,0.0,0.0,0.21265,1623691969.0,369140000.0,37.808942,-122.51065,9.623591,-0.889025,-0.457858,90.0,73.0,0.0,0.227271,253.00641025641025,9.300641025641026,10.0
1623691970.0,366985270.0,37.823738,-122.449041,11.598419,0.918307,0.395869,60.0,25.0,9.0,0.234434,1623691970.0,367139040.0,37.822884,-122.476586,17.665857,0.804724,0.593649,90.0,0.0,0.0,0.210818,1623691970.0,369140000.0,37.808921,-122.5107,9.623943,-0.888692,-0.458505,90.0,73.0,0.0,0.22544,253.01282051282053,9.301282051282053,10.0
1623691971.0,366985270.0,37.823759,-122.448979,11.601767,0.918228,0.396051,60.0,25.0,9.0,0.232561,1623691971.0,367139040.0,37.822933,-122.476503,17.644074,0.80144,0.598075,90.0,0.0,0.0,0.20899,1623691971.0,369140000.0,37.808901,-122.510751,9.624515,-0.888345,-0.459176,90.0,73.0,0.0,0.22361,253.0192307692308,9.301923076923076,10.0
1623691972.0,366985270.0,37.823781,-122.448917,11.605067,0.918154,0.396223,60.0,25.0,9.0,0.230688,1623691972.0,367139040.0,37.822982,-122.47642,17.621548,0.798059,0.60258,90.0,0.0,0.0,0.207164,1623691972.0,369140000.0,37.80888,-122.510801,9.625306,-0.887986,-0.459871,90.0,73.0,0.0,0.221779,253.02564102564105,9.302564102564103,10.0
1623691973.0,366985270.0,37.823802,-122.448854,11.608318,0.918084,0.396386,60.0,25.0,9.0,0.228815,1623691973.0,367139040.0,37.823031,-122.476338,17.598312,0.794578,0.607162,90.0,0.0,0.0,0.205341,1623691973.0,369140000.0,37.80886,-122.510851,9.626318,-0.887613,-0.46059,90.0,73.0,0.0,0.219949,253.03205128205127,9.303205128205128,10.0
1623691974.0,366985270.0,37.823823,-122.448792,11.61152,0.918018,0.396538,60.0,25.0,9.0,0.226941,1623691974.0,367139040.0,37.82308,-122.476256,17.574402,0.790997,0.61182,90.0,0.0,0.0,0.203522,1623691974.0,369140000.0,37.808839,-122.510901,9.62755,-0.887228,-0.461332,90.0,73.0,0.0,0.218119,253.03846153846155,9.303846153846154,10.0
1623691975.0,366985270.0,37.823844,-122.448729,11.614675,0.917957,0.39668,60.0,25.0,9.0,0.225066,1623691975.0,367139040.0,37.82313,-122.476174,17.549853,0.787311,0.616556,90.0,0.0,0.0,0.201706,1623691975.0,369140000.0,37.808819,-122.510951,9.629004,-0.886829,-0.462098,90.0,73.0,0.0,0.216288,253.0448717948718,9.30448717948718,10.0
1623691976.0,366985270.0,37.823866,-122.448667,11.61778,0.9179,0.396812,60.0,25.0,9.0,0.223191,1623691976.0,367139040.0,37.82318,-122.476093,17.524702,0.78352,0.621367,90.0,0.0,0.0,0.199893,1623691976.0,369140000.0,37.808798,-122.511001,9.630681,-0.886417,-0.462887,90.0,73.0,0.0,0.214458,253.05128205128204,9.305128205128206,10.0
1623691977.0,366985270.0,37.823887,-122.448604,11.620837,0.917847,0.396934,60.0,25.0,9.0,0.221315,1623691977.0,367139040.0,37.82323,-122.476013,17.498988,0.779619,0.626254,90.0,0.0,0.0,0.198083,1623691977.0,369140000.0,37.808778,-122.511051,9.63258,-0.885992,-0.4637,90.0,73.0,0.0,0.212628,253.05769230769232,9.305769230769233,10.0
1623691978.0,366985270.0,37.823908,-122.448542,11.623845,0.917799,0.397046,60.0,25.0,9.0,0.21944,1623691978.0,367139040.0,37.823281,-122.475933,17.472748,0.775607,0.631216,90.0,0.0,0.0,0.196277,1623691978.0,369140000.0,37.808757,-122.511101,9.634703,-0.885554,-0.464536,90.0,73.0,0.0,0.210797,253.06410256410257,9.306410256410256,10.0
1623691979.0,366985270.0,37.82393,-122.448479,11.626804,0.917755,0.397148,60.0,25.0,9.0,0.217563,1623691979.0,367139040.0,37.823332,-122.475854,17.446022,0.771481,0.636252,90.0,0.0,0.0,0.194475,1623691979.0,369140000.0,37.808736,-122.511151,9.63705,-0.885103,-0.465396,90.0,73.0,0.0,0.208966,253.0705128205128,9.30705128205128,10.0
1623691980.0,366985270.0,37.823951,-122.448417,11.629715,0.917715,0.39724,60.0,25.0,9.0,0.215686,1623691980.0,367139040.0,37.823383,-122.475775,17.418853,0.767238,0.641362,90.0,0.0,0.0,0.192676,1623691980.0,369140000.0,37.808715,-122.511201,9.639623,-0.884638,-0.466278,90.0,73.0,0.0,0.207136,253.07692307692307,9.307692307692308,10.0
1623691981.0,366985270.0,37.823973,-122.448354,11.632576,0.917679,0.397322,60.0,25.0,9.0,0.213809,1623691981.0,367139040.0,37.823435,-122.475697,17.391281,0.762876,0.646545,90.0,0.0,0.0,0.19088,1623691981.0,369140000.0,37.808695,-122.51125,9.642422,-0.88416,-0.467184,90.0,73.0,0.0,0.205305,253.0833333333333,9.308333333333334,10.0
1623691982.0,366985270.0,37.823994,-122.448292,11.635389,0.917648,0.397394,60.0,25.0,9.0,0.211931,1623691982.0,367139040.0,37.823487,-122.475619,17.363351,0.758392,0.651799,90.0,0.0,0.0,0.189088,1623691982.0,369140000.0,37.808674,-122.5113,9.645447,-0.883669,-0.468112,90.0,73.0,0.0,0.203473,253.0897435897436,9.30897435897436,10.0
1623691983.0,366985270.0,37.824015,-122.448229,11.638153,0.917621,0.397456,60.0,25.0,9.0,0.210053,1623691983.0,367139040.0,37.82354,-122.475542,17.335107,0.753782,0.657124,90.0,0.0,0.0,0.1873,1623691983.0,369140000.0,37.808653,-122.51135,9.6487,-0.883165,-0.469063,90.0,73.0,0.0,0.201642,253.09615384615384,9.309615384615384,10.0
1623691984.0,366985270.0,37.824037,-122.448167,11.640868,0.917598,0.397509,60.0,25.0,9.0,0.208175,1623691984.0,367139040.0,37.823592,-122.475465,17.306593,0.749045,0.662519,90.0,0.0,0.0,0.185516,1623691984.0,369140000.0,37.808632,-122.5114,9.652181,-0.882647,-0.470036,90.0,73.0,0.0,0.19981,253.1025641025641,9.310256410256413,10.0
1623691985.0,366985270.0,37.824058,-122.448104,11.643534,0.91758,0.397551,60.0,25.0,9.0,0.206296,1623691985.0,367139040.0,37.823645,-122.475389,17.277858,0.744177,0.667983,90.0,0.0,0.0,0.183735,1623691985.0,369140000.0,37.808611,-122.51145,9.655892,-0.882116,-0.471032,90.0,73.0,0.0,0.197977,253.1089743589744,9.310897435897436,10.0
1623691986.0,366985270.0,37.82408,-122.448042,11.646151,0.917566,0.397583,60.0,25.0,9.0,0.204416,1623691986.0,367139040.0,37.823699,-122.475314,17.248949,0.739175,0.673513,90.0,0.0,0.0,0.181958,1623691986.0,369140000.0,37.80859,-122.5115,9.659772,-0.881575,-0.472044,90.0,73.0,0.0,0.196145,253.1153846153846,9.31153846153846,10.0
1623691987.0,366985270.0,37.824101,-122.447979,11.648719,0.917556,0.397606,60.0,25.0,9.0,0.202537,1623691987.0,367139040.0,37.823752,-122.475239,17.219916,0.734037,0.67911,90.0,0.0,0.0,0.180185,1623691987.0,369140000.0,37.808569,-122.51155,9.663582,-0.881039,-0.473044,90.0,73.0,0.0,0.194312,253.1217948717949,9.312179487179488,10.0
1623691988.0,366985270.0,37.824122,-122.447917,11.651238,0.917551,0.397618,60.0,25.0,9.0,0.200657,1623691988.0,367139040.0,37.823807,-122.475165,17.190808,0.728759,0.68477,90.0,0.0,0.0,0.178416,1623691988.0,369140000.0,37.808548,-122.5116,9.667261,-0.880511,-0.474025,90.0,73.0,0.0,0.192478,253.1282051282052,9.312820512820512,10.0
1623691989.0,366985270.0,37.824144,-122.447854,11.653708,0.91755,0.397621,60.0,25.0,9.0,0.198776,1623691989.0,367139040.0,37.823861,-122.475092,17.161678,0.723339,0.690493,90.0,0.0,0.0,0.17665,1623691989.0,369140000.0,37.808527,-122.51165,9.670807,-0.879992,-0.474988,90.0,73.0,0.0,0.190645,253.1346153846154,9.31346153846154,10.0
1623691990.0,366985270.0,37.824165,-122.447791,11.656129,0.917553,0.397613,60.0,25.0,9.0,0.196895,1623691990.0,367139040.0,37.823916,-122.475019,17.132578,0.717773,0.696277,90.0,0.0,0.0,0.174889,1623691990.0,369140000.0,37.808505,-122.511699,9.67422,-0.879482,-0.475932,90.0,73.0,0.0,0.18881,253.14102564102564,9.314102564102564,10.0
1623691991.0,366985270.0,37.824187,-122.447729,11.658501,0.91756,0.397596,60.0,25.0,9.0,0.195014,1623691991.0,367139040.0,37.823971,-122.474947,17.103562,0.712059,0.702119,90.0,0.0,0.0,0.173131,1623691991.0,369140000.0,37.808484,-122.511749,9.677501,-0.87898,-0.476859,90.0,73.0,0.0,0.186976,253.14743589743588,9.314743589743587,10.0
1623691992.0,366985270.0,37.824208,-122.447666,11.660824,0.917572,0.397569,60.0,25.0,9.0,0.193132,1623691992.0,367139040.0,37.824027,-122.474876,17.074687,0.706194,0.708018,90.0,0.0,0.0,0.171377,1623691992.0,369140000.0,37.808463,-122.511799,9.680647,-0.878487,-0.477767,90.0,73.0,0.0,0.185141,253.15384615384616,9.315384615384616,10.0
1623691993.0,366985270.0,37.82423,-122.447603,11.663098,0.917588,0.397532,60.0,25.0,9.0,0.19125,1623691993.0,367139040.0,37.824082,-122.474805,17.046009,0.700174,0.713972,90.0,0.0,0.0,0.169627,1623691993.0,369140000.0,37.808441,-122.511849,9.683659,-0.878002,-0.478657,90.0,73.0,0.0,0.183306,253.1602564102564,9.31602564102564,10.0
1623691994.0,366985270.0,37.824251,-122.447541,11.665323,0.917609,0.397485,60.0,25.0,9.0,0.189367,1623691994.0,367139040.0,37.824139,-122.474735,17.017586,0.693998,0.719977,90.0,0.0,0.0,0.167882,1623691994.0,369140000.0,37.80842,-122.511899,9.686535,-0.877526,-0.479529,90.0,73.0,0.0,0.181471,253.16666666666663,9.316666666666666,10.0
1623691995.0,366985270.0,37.824272,-122.447478,11.667499,0.917633,0.397429,60.0,25.0,9.0,0.187484,1623691995.0,367139040.0,37.824195,-122.474666,16.989477,0.687661,0.726032,90.0,0.0,0.0,0.16614,1623691995.0,369140000.0,37.808398,-122.511948,9.689276,-0.877059,-0.480383,90.0,73.0,0.0,0.179635,253.17307692307693,9.317307692307692,10.0
1623691996.0,366985270.0,37.824294,-122.447415,11.669626,0.917662,0.397362,60.0,25.0,9.0,0.185601,1623691996.0,367139040.0,37.824253,-122.474598,16.961742,0.68116,0.732134,90.0,0.0,0.0,0.164402,1623691996.0,369140000.0,37.808377,-122.511998,9.691881,-0.8766,-0.48122,90.0,73.0,0.0,0.177799,253.1794871794872,9.31794871794872,10.0
1623691997.0,366985270.0,37.824315,-122.447353,11.671704,0.917695,0.397286,60.0,25.0,9.0,0.183718,1623691997.0,367139040.0,37.82431,-122.47453,16.934699,0.67453,0.738247,90.0,0.0,0.0,0.162668,1623691997.0,369140000.0,37.808355,-122.512048,9.694349,-0.87615,-0.482039,90.0,73.0,0.0,0.175963,253.18589743589743,9.318589743589744,10.0
1623691998.0,366985270.0,37.824337,-122.44729,11.673734,0.917732,0.397199,60.0,25.0,9.0,0.181834,1623691998.0,367139040.0,37.824368,-122.474463,16.909372,0.667913,0.744239,90.0,0.0,0.0,0.160938,1623691998.0,369140000.0,37.808334,-122.512098,9.69668,-0.875709,-0.48284,90.0,73.0,0.0,0.174127,253.19230769230768,9.319230769230767,10.0
1623691999.0,366985270.0,37.824358,-122.447227,11.675714,0.917774,0.397103,60.0,25.0,9.0,0.179949,1623691999.0,367139040.0,37.824426,-122.474397,16.885953,0.66135,0.750078,90.0,0.0,0.0,0.159212,1623691999.0,369140000.0,37.808312,-122.512147,9.698872,-0.875276,-0.483623,90.0,73.0,0.0,0.17229,253.198717948718,9.319871794871794,10.0
1623692000.0,366985270.0,37.82438,-122.447164,11.677646,0.91782,0.396997,60.0,25.0,9.0,0.178065,1623692000.0,367139040.0,37.824485,-122.474332,16.864372,0.654845,0.755763,90.0,0.0,0.0,0.15749,1623692000.0,369140000.0,37.80829,-122.512197,9.700927,-0.874853,-0.484389,90.0,73.0,0.0,0.170454,253.2051282051282,9.32051282051282,10.0
1623692001.0,366985270.0,37.824401,-122.447101,11.679529,0.91787,0.396881,60.0,25.0,9.0,0.17618,1623692001.0,367139040.0,37.824544,-122.474267,16.844561,0.648404,0.761296,90.0,0.0,0.0,0.155771,1623692001.0,369140000.0,37.808268,-122.512247,9.702843,-0.874438,-0.485137,90.0,73.0,0.0,0.168617,253.21153846153845,9.321153846153846,10.0
1623692002.0,366985270.0,37.824423,-122.447039,11.681363,0.917924,0.396755,60.0,25.0,9.0,0.174294,1623692002.0,367139040.0,37.824603,-122.474203,16.82645,0.642033,0.766677,90.0,0.0,0.0,0.154056,1623692002.0,369140000.0,37.808247,-122.512296,9.704619,-0.874032,-0.485869,90.0,73.0,0.0,0.16678,253.2179487179488,9.321794871794872,10.0
1623692003.0,366985270.0,37.824444,-122.446976,11.683149,0.917983,0.39662,60.0,25.0,9.0,0.172409,1623692003.0,367139040.0,37.824663,-122.47414,16.809973,0.635734,0.771908,90.0,0.0,0.0,0.152344,1623692003.0,369140000.0,37.808225,-122.512346,9.706256,-0.873635,-0.486582,90.0,73.0,0.0,0.164943,253.22435897435892,9.322435897435897,10.0
1623692004.0,366985270.0,37.824466,-122.446913,11.684886,0.918046,0.396474,60.0,25.0,9.0,0.170523,1623692004.0,367139040.0,37.824723,-122.474077,16.795061,0.629513,0.77699,90.0,0.0,0.0,0.150635,1623692004.0,369140000.0,37.808203,-122.512396,9.707752,-0.873246,-0.487279,90.0,73.0,0.0,0.163107,253.23076923076923,9.323076923076924,10.0
1623692005.0,366985270.0,37.824487,-122.44685,11.686574,0.918113,0.396319,60.0,25.0,9.0,0.168636,1623692005.0,367139040.0,37.824783,-122.474015,16.78165,0.623375,0.781923,90.0,0.0,0.0,0.14893,1623692005.0,369140000.0,37.808181,-122.512445,9.709108,-0.872867,-0.487958,90.0,73.0,0.0,0.16127,253.23717948717947,9.323717948717947,10.0
1623692006.0,366985270.0,37.824508,-122.446787,11.688215,0.918184,0.396154,60.0,25.0,9.0,0.16675,1623692006.0,367139040.0,37.824844,-122.473954,16.769673,0.617324,0.786709,90.0,0.0,0.0,0.147227,1623692006.0,369140000.0,37.808159,-122.512495,9.710323,-0.872497,-0.48862,90.0,73.0,0.0,0.159433,253.24358974358967,9.324358974358974,10.0
1623692007.0,366985270.0,37.82453,-122.446725,11.689806,0.91826,0.395979,60.0,25.0,9.0,0.164863,1623692007.0,367139040.0,37.824905,-122.473893,16.759067,0.611363,0.79135,90.0,0.0,0.0,0.145527,1623692007.0,369140000.0,37.808137,-122.512545,9.711396,-0.872135,-0.489265,90.0,73.0,0.0,0.157596,253.25,9.325,10.0
1623692008.0,366985270.0,37.824551,-122.446662,11.691349,0.918339,0.395794,60.0,25.0,9.0,0.162976,1623692008.0,367139040.0,37.824966,-122.473833,16.749768,0.605497,0.795848,90.0,0.0,0.0,0.143829,1623692008.0,369140000.0,37.808115,-122.512594,9.712327,-0.871782,-0.489893,90.0,73.0,0.0,0.155759,253.25641025641025,9.325641025641026,10.0
1623692009.0,366985270.0,37.824573,-122.446599,11.692845,0.918423,0.395599,60.0,25.0,9.0,0.161088,1623692009.0,367139040.0,37.825028,-122.473774,16.741714,0.599729,0.800203,90.0,0.0,0.0,0.142134,1623692009.0,369140000.0,37.808093,-122.512644,9.713116,-0.871439,-0.490505,90.0,73.0,0.0,0.153922,253.26282051282053,9.326282051282051,10.0
1623692010.0,366985270.0,37.824594,-122.446536,11.694291,0.918511,0.395395,60.0,25.0,9.0,0.1592,1623692010.0,367139040.0,37.82509,-122.473715,16.734843,0.594063,0.804418,90.0,0.0,0.0,0.140442,1623692010.0,369140000.0,37.808071,-122.512693,9.713762,-0.871104,-0.491099,90.0,73.0,0.0,0.152085,253.2692307692308,9.326923076923077,10.0
1623692011.0,366985270.0,37.824615,-122.446473,11.69569,0.918604,0.39518,60.0,25.0,9.0,0.157312,1623692011.0,367139040.0,37.825152,-122.473657,16.729096,0.588503,0.808495,90.0,0.0,0.0,0.138752,1623692011.0,369140000.0,37.808049,-122.512743,9.714265,-0.870778,-0.491676,90.0,73.0,0.0,0.150248,253.27564102564105,9.327564102564102,10.0
1623692012.0,366985270.0,37.824637,-122.44641,11.697041,0.9187,0.394956,60.0,25.0,9.0,0.155424,1623692012.0,367139040.0,37.825215,-122.473599,16.724413,0.583052,0.812435,90.0,0.0,0.0,0.137064,1623692012.0,369140000.0,37.808027,-122.512793,9.714624,-0.870462,-0.492236,90.0,73.0,0.0,0.148412,253.28205128205127,9.328205128205129,10.0
1623692013.0,366985270.0,37.824658,-122.446347,11.698344,0.918801,0.394722,60.0,25.0,9.0,0.153535,1623692013.0,367139040.0,37.825278,-122.473542,16.720737,0.577712,0.816241,90.0,0.0,0.0,0.135378,1623692013.0,369140000.0,37.808005,-122.512842,9.71484,-0.870154,-0.49278,90.0,73.0,0.0,0.146575,253.28846153846155,9.328846153846154,10.0
1623692014.0,366985270.0,37.82468,-122.446284,11.699599,0.918905,0.394478,60.0,25.0,9.0,0.151646,1623692014.0,367139040.0,37.825341,-122.473485,16.718013,0.572487,0.819914,90.0,0.0,0.0,0.133694,1623692014.0,369140000.0,37.807983,-122.512892,9.714911,-0.869855,-0.493307,90.0,73.0,0.0,0.144739,253.2948717948718,9.32948717948718,10.0
1623692015.0,366985270.0,37.824701,-122.446221,11.700806,0.919014,0.394224,60.0,25.0,9.0,0.149757,1623692015.0,367139040.0,37.825404,-122.473429,16.716183,0.56738,0.823456,90.0,0.0,0.0,0.132012,1623692015.0,369140000.0,37.807961,-122.512941,9.714838,-0.869566,-0.493817,90.0,73.0,0.0,0.142903,253.30128205128204,9.330128205128204,10.0
1623692016.0,366985270.0,37.824722,-122.446158,11.701966,0.919127,0.39396,60.0,25.0,9.0,0.147867,1623692016.0,367139040.0,37.825468,-122.473374,16.715196,0.562393,0.82687,90.0,0.0,0.0,0.130331,1623692016.0,369140000.0,37.807938,-122.51299,9.71462,-0.869285,-0.494311,90.0,73.0,0.0,0.141067,253.30769230769232,9.330769230769231,10.0
1623692017.0,366985270.0,37.824744,-122.446095,11.703078,0.919245,0.393687,60.0,25.0,9.0,0.145977,1623692017.0,367139040.0,37.825532,-122.473319,16.714998,0.55753,0.830157,90.0,0.0,0.0,0.128653,1623692017.0,369140000.0,37.807916,-122.51304,9.714257,-0.869014,-0.494788,90.0,73.0,0.0,0.139231,253.31410256410257,9.331410256410257,10.0
1623692018.0,366985270.0,37.824765,-122.446032,11.704143,0.919366,0.393403,60.0,25.0,9.0,0.144087,1623692018.0,367139040.0,37.825596,-122.473264,16.715539,0.552791,0.83332,90.0,0.0,0.0,0.126976,1623692018.0,369140000.0,37.807894,-122.513089,9.713749,-0.868752,-0.495248,90.0,73.0,0.0,0.137396,253.3205128205128,9.332051282051282,10.0
1623692019.0,366985270.0,37.824786,-122.445969,11.705161,0.919491,0.39311,60.0,25.0,9.0,0.142197,1623692019.0,367139040.0,37.82566,-122.47321,16.716769,0.54818,0.836361,90.0,0.0,0.0,0.1253,1623692019.0,369140000.0,37.807872,-122.513139,9.713094,-0.868498,-0.495692,90.0,73.0,0.0,0.13556,253.32692307692307,9.332692307692309,10.0
1623692020.0,366985270.0,37.824807,-122.445906,11.706131,0.919621,0.392807,60.0,25.0,9.0,0.140307,1623692020.0,367139040.0,37.825725,-122.473156,16.71864,0.543698,0.839281,90.0,0.0,0.0,0.123626,1623692020.0,369140000.0,37.807849,-122.513188,9.712294,-0.868254,-0.496119,90.0,73.0,0.0,0.133725,253.3333333333333,9.333333333333334,10.0
1623692021.0,366985270.0,37.824829,-122.445843,11.707055,0.919755,0.392494,60.0,25.0,9.0,0.138416,1623692021.0,367139040.0,37.82579,-122.473103,16.721105,0.539348,0.842083,90.0,0.0,0.0,0.121953,1623692021.0,369140000.0,37.807827,-122.513238,9.711347,-0.86802,-0.49653,90.0,73.0,0.0,0.131891,253.3397435897436,9.33397435897436,10.0
1623692022.0,366985270.0,37.82485,-122.44578,11.707931,0.919893,0.39217,60.0,25.0,9.0,0.136525,1623692022.0,367139040.0,37.825855,-122.47305,16.724119,0.535131,0.844769,90.0,0.0,0.0,0.120282,1623692022.0,369140000.0,37.807805,-122.513287,9.710254,-0.867794,-0.496924,90.0,73.0,0.0,0.130057,253.34615384615384,9.334615384615384,10.0
1623692023.0,366985270.0,37.824871,-122.445717,11.708761,0.920034,0.391837,60.0,25.0,9.0,0.134633,1623692023.0,367139040.0,37.82592,-122.472998,16.727639,0.531049,0.847341,90.0,0.0,0.0,0.118611,1623692023.0,369140000.0,37.807783,-122.513336,9.709014,-0.867577,-0.497302,90.0,73.0,0.0,0.128223,253.3525641025641,9.33525641025641,10.0
1623692024.0,366985270.0,37.824892,-122.445654,11.709544,0.92018,0.391495,60.0,25.0,9.0,0.132742,1623692024.0,367139040.0,37.825986,-122.472946,16.731622,0.527104,0.849801,90.0,0.0,0.0,0.116942,1623692024.0,369140000.0,37.80776,-122.513386,9.707627,-0.86737,-0.497664,90.0,73.0,0.0,0.126389,253.3589743589744,9.335897435897436,10.0
1623692025.0,366985270.0,37.824914,-122.445591,11.71028,0.92033,0.391142,60.0,25.0,9.0,0.13085,1623692025.0,367139040.0,37.826052,-122.472894,16.736027,0.523298,0.85215,90.0,0.0,0.0,0.115274,1623692025.0,369140000.0,37.807738,-122.513435,9.706092,-0.867172,-0.498009,90.0,73.0,0.0,0.124556,253.3653846153846,9.336538461538462,10.0
1623692026.0,366985270.0,37.824935,-122.445528,11.710971,0.920484,0.390779,60.0,25.0,9.0,0.128958,1623692026.0,367139040.0,37.826118,-122.472843,16.740816,0.519631,0.854391,90.0,0.0,0.0,0.113607,1623692026.0,369140000.0,37.807715,-122.513484,9.70441,-0.866983,-0.498337,90.0,73.0,0.0,0.122723,253.3717948717949,9.337179487179489,10.0
1623692027.0,366985270.0,37.824956,-122.445464,11.711615,0.920643,0.390406,60.0,25.0,9.0,0.127066,1623692027.0,367139040.0,37.826184,-122.472792,16.745951,0.516105,0.856526,90.0,0.0,0.0,0.11194,1623692027.0,369140000.0,37.807693,-122.513533,9.702581,-0.866804,-0.49865,90.0,73.0,0.0,0.120891,253.3782051282052,9.337820512820512,10.0
1623692028.0,366985270.0,37.824977,-122.445401,11.712213,0.920805,0.390024,60.0,25.0,9.0,0.125173,1623692028.0,367139040.0,37.82625,-122.472741,16.751395,0.512721,0.858556,90.0,0.0,0.0,0.110275,1623692028.0,369140000.0,37.807671,-122.513583,9.700603,-0.866633,-0.498946,90.0,73.0,0.0,0.119059,253.3846153846154,9.33846153846154,10.0
1623692029.0,366985270.0,37.824998,-122.445338,11.712765,0.920971,0.389631,60.0,25.0,9.0,0.123281,1623692029.0,367139040.0,37.826317,-122.472691,16.757114,0.50948,0.860483,90.0,0.0,0.0,0.10861,1623692029.0,369140000.0,37.807648,-122.513632,9.698477,-0.866472,-0.499225,90.0,73.0,0.0,0.117228,253.39102564102564,9.339102564102564,10.0
1623692030.0,366985270.0,37.825019,-122.445275,11.713271,0.921141,0.389229,60.0,25.0,9.0,0.121388,1623692030.0,367139040.0,37.826384,-122.472641,16.763075,0.506383,0.862309,90.0,0.0,0.0,0.106946,1623692030.0,369140000.0,37.807626,-122.513681,9.696203,-0.86632,-0.499489,90.0,73.0,0.0,0.115397,253.39743589743588,9.33974358974359,10.0
1623692031.0,366985270.0,37.825041,-122.445212,11.713732,0.921315,0.388816,60.0,25.0,9.0,0.119495,1623692031.0,367139040.0,37.82645,-122.472591,16.769246,0.503432,0.864035,90.0,0.0,0.0,0.105282,1623692031.0,369140000.0,37.807604,-122.51373,9.693781,-0.866178,-0.499736,90.0,73.0,0.0,0.113567,253.40384615384616,9.340384615384616,10.0
1623692032.0,366985270.0,37.825062,-122.445149,11.714148,0.921493,0.388394,60.0,25.0,9.0,0.117602,1623692032.0,367139040.0,37.826517,-122.472542,16.775598,0.500627,0.865663,90.0,0.0,0.0,0.103619,1623692032.0,369140000.0,37.807581,-122.51378,9.69121,-0.866045,-0.499966,90.0,73.0,0.0,0.111737,253.4102564102564,9.341025641025642,10.0
1623692033.0,366985270.0,37.825083,-122.445085,11.714518,0.921676,0.387961,60.0,25.0,9.0,0.115708,1623692033.0,367139040.0,37.826585,-122.472493,16.782102,0.497968,0.867195,90.0,0.0,0.0,0.101957,1623692033.0,369140000.0,37.807559,-122.513829,9.68849,-0.865921,-0.500181,90.0,73.0,0.0,0.109908,253.41666666666663,9.341666666666669,10.0
1623692034.0,366985270.0,37.825104,-122.445022,11.714843,0.921862,0.387519,60.0,25.0,9.0,0.113815,1623692034.0,367139040.0,37.826652,-122.472444,16.788731,0.495457,0.868633,90.0,0.0,0.0,0.100295,1623692034.0,369140000.0,37.807536,-122.513878,9.685622,-0.865807,-0.500379,90.0,73.0,0.0,0.108079,253.42307692307693,9.342307692307692,10.0
1623692035.0,366985270.0,37.825125,-122.444959,11.715123,0.922052,0.387067,60.0,25.0,9.0,0.111921,1623692035.0,367139040.0,37.826719,-122.472395,16.795459,0.493094,0.869976,90.0,0.0,0.0,0.098633,1623692035.0,369140000.0,37.807514,-122.513927,9.682604,-0.865702,-0.50056,90.0,73.0,0.0,0.106251,253.4294871794872,9.342948717948715,10.0
1623692036.0,366985270.0,37.825146,-122.444896,11.715359,0.922246,0.386604,60.0,25.0,9.0,0.110027,1623692036.0,367139040.0,37.826787,-122.472346,16.802264,0.490879,0.871228,90.0,0.0,0.0,0.096971,1623692036.0,369140000.0,37.807491,-122.513976,9.679437,-0.865606,-0.500726,90.0,73.0,0.0,0.104424,253.43589743589743,9.343589743589744,10.0
1623692037.0,366985270.0,37.825167,-122.444832,11.71555,0.922444,0.386132,60.0,25.0,9.0,0.108133,1623692037.0,367139040.0,37.826855,-122.472298,16.809122,0.488814,0.872388,90.0,0.0,0.0,0.09531,1623692037.0,369140000.0,37.807469,-122.514025,9.676121,-0.86552,-0.500875,90.0,73.0,0.0,0.102597,253.44230769230768,9.34423076923077,10.0
1623692038.0,366985270.0,37.825188,-122.444769,11.715697,0.922645,0.385649,60.0,25.0,9.0,0.106238,1623692038.0,367139040.0,37.826923,-122.47225,16.816014,0.486898,0.873459,90.0,0.0,0.0,0.093649,1623692038.0,369140000.0,37.807447,-122.514074,9.672656,-0.865443,-0.501008,90.0,73.0,0.0,0.100771,253.448717948718,9.344871794871796,10.0
1623692039.0,366985270.0,37.825208,-122.444706,11.7158,0.922851,0.385157,60.0,25.0,9.0,0.104344,1623692039.0,367139040.0,37.826991,-122.472202,16.822919,0.485133,0.874441,90.0,0.0,0.0,0.091988,1623692039.0,369140000.0,37.807424,-122.514123,9.669041,-0.865375,-0.501125,90.0,73.0,0.0,0.098946,253.4551282051282,9.34551282051282,10.0
1623692040.0,366985270.0,37.825229,-122.444642,11.715859,0.923061,0.384654,60.0,25.0,9.0,0.102449,1623692040.0,367139040.0,37.827059,-122.472154,16.82982,0.483517,0.875335,90.0,0.0,0.0,0.090327,1623692040.0,369140000.0,37.807402,-122.514172,9.665277,-0.865317,-0.501225,90.0,73.0,0.0,0.097122,253.46153846153845,9.346153846153848,10.0
1623692041.0,366985270.0,37.82525,-122.444579,11.715874,0.923274,0.384141,60.0,25.0,9.0,0.100554,1623692041.0,367139040.0,37.827127,-122.472107,16.836701,0.482052,0.876142,90.0,0.0,0.0,0.088666,1623692041.0,369140000.0,37.807379,-122.514221,9.661363,-0.865269,-0.501309,90.0,73.0,0.0,0.095298,253.4679487179488,9.346794871794872,10.0
1623692042.0,366985270.0,37.825271,-122.444516,11.715846,0.923492,0.383619,60.0,25.0,9.0,0.098659,1623692042.0,367139040.0,37.827195,-122.472059,16.843548,0.480738,0.876864,90.0,0.0,0.0,0.087005,1623692042.0,369140000.0,37.807357,-122.51427,9.657299,-0.865229,-0.501376,90.0,73.0,0.0,0.093475,253.47435897435892,9.347435897435895,10.0
1623692043.0,366985270.0,37.825292,-122.444452,11.715774,0.923713,0.383086,60.0,25.0,9.0,0.096764,1623692043.0,367139040.0,37.827263,-122.472012,16.850347,0.479575,0.877501,90.0,0.0,0.0,0.085344,1623692043.0,369140000.0,37.807335,-122.514319,9.653086,-0.8652,-0.501427,90.0,73.0,0.0,0.091653,253.48076923076923,9.348076923076922,10.0
1623692044.0,366985270.0,37.825313,-122.444389,11.71566,0.923938,0.382543,60.0,25.0,9.0,0.094869,1623692044.0,367139040.0,37.827332,-122.471964,16.857087,0.478563,0.878053,90.0,0.0,0.0,0.083683,1623692044.0,369140000.0,37.807312,-122.514368,9.648724,-0.86518,-0.501462,90.0,73.0,0.0,0.089831,253.48717948717947,9.34871794871795,10.0
1623692045.0,366985270.0,37.825333,-122.444325,11.715502,0.924167,0.381989,60.0,25.0,9.0,0.092973,1623692045.0,367139040.0,37.8274,-122.471917,16.863757,0.477703,0.878522,90.0,0.0,0.0,0.082022,1623692045.0,369140000.0,37.80729,-122.514417,9.644211,-0.865169,-0.501481,90.0,73.0,0.0,0.088011,253.49358974358967,9.349358974358974,10.0
1623692046.0,366985270.0,37.825354,-122.444262,11.715302,0.924399,0.381426,60.0,25.0,9.0,0.091078,1623692046.0,367139040.0,37.827469,-122.47187,16.870349,0.476993,0.878907,90.0,0.0,0.0,0.08036,1623692046.0,369140000.0,37.807267,-122.514466,9.639549,-0.865168,-0.501483,90.0,73.0,0.0,0.086191,253.5,9.35,10.0
1623692047.0,366985270.0,37.825375,-122.444199,11.71506,0.924636,0.380853,60.0,25.0,9.0,0.089182,1623692047.0,367139040.0,37.827537,-122.471823,16.876857,0.476435,0.87921,90.0,0.0,0.0,0.078698,1623692047.0,369140000.0,37.807245,-122.514514,9.634737,-0.865176,-0.501468,90.0,73.0,0.0,0.084372,253.50641025641025,9.350641025641025,10.0
1623692048.0,366985270.0,37.825395,-122.444135,11.714776,0.924876,0.380269,60.0,25.0,9.0,0.087286,1623692048.0,367139040.0,37.827606,-122.471776,16.883274,0.476028,0.87943,90.0,0.0,0.0,0.077035,1623692048.0,369140000.0,37.807223,-122.514563,9.629776,-0.865194,-0.501437,90.0,73.0,0.0,0.082554,253.51282051282053,9.351282051282052,10.0
1623692049.0,366985270.0,37.825416,-122.444072,11.714449,0.92512,0.379675,60.0,25.0,9.0,0.08539,1623692049.0,367139040.0,37.827675,-122.471729,16.889596,0.475772,0.879569,90.0,0.0,0.0,0.075373,1623692049.0,369140000.0,37.8072,-122.514612,9.624664,-0.865221,-0.50139,90.0,73.0,0.0,0.080737,253.5192307692308,9.351923076923075,10.0
1623692050.0,366985270.0,37.825437,-122.444008,11.714081,0.925367,0.379071,60.0,25.0,9.0,0.083494,1623692050.0,367139040.0,37.827744,-122.471681,16.895822,0.475667,0.879625,90.0,0.0,0.0,0.073709,1623692050.0,369140000.0,37.807178,-122.514661,9.619403,-0.865259,-0.501326,90.0,73.0,0.0,0.078921,253.52564102564105,9.352564102564102,10.0
1623692051.0,366985270.0,37.825457,-122.443945,11.713672,0.925619,0.378457,60.0,25.0,9.0,0.081598,1623692051.0,367139040.0,37.827812,-122.471634,16.901949,0.475713,0.8796,90.0,0.0,0.0,0.072045,1623692051.0,369140000.0,37.807156,-122.51471,9.613993,-0.865305,-0.501245,90.0,73.0,0.0,0.077106,253.53205128205127,9.353205128205127,10.0
1623692052.0,366985270.0,37.825478,-122.443881,11.713222,0.925874,0.377833,60.0,25.0,9.0,0.079701,1623692052.0,367139040.0,37.827881,-122.471587,16.907979,0.47591,0.879494,90.0,0.0,0.0,0.070381,1623692052.0,369140000.0,37.807133,-122.514758,9.608433,-0.865361,-0.501148,90.0,73.0,0.0,0.075292,253.53846153846155,9.353846153846154,10.0
1623692053.0,366985270.0,37.825498,-122.443818,11.71273,0.926133,0.377198,60.0,25.0,9.0,0.077805,1623692053.0,367139040.0,37.82795,-122.47154,16.913913,0.476258,0.879306,90.0,0.0,0.0,0.068715,1623692053.0,369140000.0,37.807111,-122.514807,9.602723,-0.865427,-0.501035,90.0,73.0,0.0,0.073479,253.5448717948718,9.35448717948718,10.0
1623692054.0,366985270.0,37.825518,-122.443754,11.712199,0.926395,0.376553,60.0,25.0,9.0,0.075908,1623692054.0,367139040.0,37.828019,-122.471493,16.919755,0.476756,0.879036,90.0,0.0,0.0,0.067049,1623692054.0,369140000.0,37.807089,-122.514856,9.596864,-0.865503,-0.500904,90.0,73.0,0.0,0.071667,253.55128205128204,9.355128205128205,10.0
1623692055.0,366985270.0,37.825539,-122.443691,11.711626,0.926661,0.375898,60.0,25.0,9.0,0.074012,1623692055.0,367139040.0,37.828087,-122.471446,16.92551,0.477403,0.878684,90.0,0.0,0.0,0.065382,1623692055.0,369140000.0,37.807067,-122.514904,9.590856,-0.865588,-0.500757,90.0,73.0,0.0,0.069856,253.55769230769232,9.35576923076923,10.0
1623692056.0,366985270.0,37.825559,-122.443627,11.711014,0.926931,0.375232,60.0,25.0,9.0,0.072115,1623692056.0,367139040.0,37.828156,-122.471398,16.931184,0.478201,0.878251,90.0,0.0,0.0,0.063715,1623692056.0,369140000.0,37.807044,-122.514953,9.584698,-0.865683,-0.500593,90.0,73.0,0.0,0.068046,253.56410256410257,9.356410256410255,10.0
1623692057.0,366985270.0,37.82558,-122.443563,11.710362,0.927204,0.374557,60.0,25.0,9.0,0.070218,1623692057.0,367139040.0,37.828225,-122.471351,16.936784,0.479147,0.877734,90.0,0.0,0.0,0.062046,1623692057.0,369140000.0,37.807022,-122.515001,9.578391,-0.865787,-0.500413,90.0,73.0,0.0,0.066237,253.5705128205128,9.357051282051282,10.0
1623692058.0,366985270.0,37.8256,-122.4435,11.70967,0.927481,0.37387,60.0,25.0,9.0,0.068321,1623692058.0,367139040.0,37.828294,-122.471303,16.942321,0.480243,0.877135,90.0,0.0,0.0,0.060377,1623692058.0,369140000.0,37.807,-122.51505,9.571973,-0.8659,-0.500218,90.0,73.0,0.0,0.06443,253.57692307692307,9.357692307692307,10.0
1623692059.0,366985270.0,37.82562,-122.443436,11.708939,0.927761,0.373174,60.0,25.0,9.0,0.066424,1623692059.0,367139040.0,37.828363,-122.471256,16.947805,0.481487,0.876453,90.0,0.0,0.0,0.058706,1623692059.0,369140000.0,37.806978,-122.515099,9.565594,-0.866015,-0.500019,90.0,73.0,0.0,0.062623,253.5833333333333,9.358333333333333,10.0
1623692060.0,366985270.0,37.82564,-122.443373,11.708169,0.928045,0.372467,60.0,25.0,9.0,0.064527,1623692060.0,367139040.0,37.828431,-122.471208,16.953249,0.482879,0.875687,90.0,0.0,0.0,0.057034,1623692060.0,369140000.0,37.806956,-122.515147,9.559291,-0.86613,-0.499819,90.0,73.0,0.0,0.060818,253.5897435897436,9.35897435897436,10.0
1623692061.0,366985270.0,37.825661,-122.443309,11.707361,0.928333,0.37175,60.0,25.0,9.0,0.06263,1623692061.0,367139040.0,37.8285,-122.47116,16.958623,0.484373,0.874861,90.0,0.0,0.0,0.055362,1623692061.0,369140000.0,37.806934,-122.515196,9.553064,-0.866246,-0.499617,90.0,73.0,0.0,0.059013,253.59615384615384,9.359615384615385,10.0
1623692062.0,366985270.0,37.825681,-122.443245,11.706514,0.928624,0.371022,60.0,25.0,9.0,0.060732,1623692062.0,367139040.0,37.828569,-122.471112,16.963761,0.485786,0.874078,90.0,0.0,0.0,0.053688,1623692062.0,369140000.0,37.806912,-122.515244,9.546914,-0.866363,-0.499414,90.0,73.0,0.0,0.05721,253.6025641025641,9.36025641025641,10.0
1623692063.0,366985270.0,37.825701,-122.443182,11.705629,0.928919,0.370284,60.0,25.0,9.0,0.058835,1623692063.0,367139040.0,37.828637,-122.471064,16.96861,0.487072,0.873362,90.0,0.0,0.0,0.052013,1623692063.0,369140000.0,37.806889,-122.515292,9.540841,-0.866481,-0.49921,90.0,73.0,0.0,0.055408,253.6089743589744,9.360897435897437,10.0
1623692064.0,366985270.0,37.825721,-122.443118,11.704706,0.929217,0.369536,60.0,25.0,9.0,0.056938,1623692064.0,367139040.0,37.828706,-122.471015,16.97316,0.488233,0.872713,90.0,0.0,0.0,0.050336,1623692064.0,369140000.0,37.806867,-122.515341,9.534843,-0.866599,-0.499005,90.0,73.0,0.0,0.053607,253.6153846153846,9.361538461538462,10.0
1623692065.0,366985270.0,37.825741,-122.443054,11.703746,0.929518,0.368777,60.0,25.0,9.0,0.05504,1623692065.0,367139040.0,37.828774,-122.470967,16.977401,0.489268,0.872134,90.0,0.0,0.0,0.048659,1623692065.0,369140000.0,37.806845,-122.515389,9.528923,-0.866718,-0.498798,90.0,73.0,0.0,0.051807,253.6217948717949,9.362179487179487,10.0
1623692066.0,366985270.0,37.825761,-122.442991,11.702749,0.929823,0.368007,60.0,25.0,9.0,0.053143,1623692066.0,367139040.0,37.828843,-122.470918,16.981324,0.490178,0.871622,90.0,0.0,0.0,0.046981,1623692066.0,369140000.0,37.806823,-122.515438,9.523079,-0.866838,-0.49859,90.0,73.0,0.0,0.050008,253.6282051282052,9.362820512820512,10.0
1623692067.0,366985270.0,37.825781,-122.442927,11.701714,0.930131,0.367227,60.0,25.0,9.0,0.051245,1623692067.0,367139040.0,37.828911,-122.470869,16.984922,0.490963,0.87118,90.0,0.0,0.0,0.045303,1623692067.0,369140000.0,37.806801,-122.515486,9.517311,-0.866959,-0.49838,90.0,73.0,0.0,0.04821,253.6346153846154,9.363461538461538,10.0
1623692068.0,366985270.0,37.825801,-122.442863,11.700644,0.930443,0.366437,60.0,25.0,9.0,0.049347,1623692068.0,367139040.0,37.82898,-122.47082,16.988188,0.491624,0.870808,90.0,0.0,0.0,0.043623,1623692068.0,369140000.0,37.80678,-122.515534,9.51162,-0.86708,-0.498169,90.0,73.0,0.0,0.046413,253.64102564102564,9.364102564102565,10.0
1623692069.0,366985270.0,37.82582,-122.442799,11.699537,0.930758,0.365636,60.0,25.0,9.0,0.04745,1623692069.0,367139040.0,37.829048,-122.470771,16.991117,0.492161,0.870504,90.0,0.0,0.0,0.041943,1623692069.0,369140000.0,37.806758,-122.515583,9.506005,-0.867202,-0.497957,90.0,73.0,0.0,0.044617,253.64743589743588,9.36474358974359,10.0
1623692070.0,366985270.0,37.82584,-122.442736,11.698394,0.931076,0.364824,60.0,25.0,9.0,0.045552,1623692070.0,367139040.0,37.829117,-122.470723,16.993704,0.492574,0.870271,90.0,0.0,0.0,0.040263,1623692070.0,369140000.0,37.806736,-122.515631,9.500467,-0.867324,-0.497744,90.0,73.0,0.0,0.042822,253.65384615384616,9.365384615384617,10.0
1623692071.0,366985270.0,37.82586,-122.442672,11.697216,0.931398,0.364002,60.0,25.0,9.0,0.043654,1623692071.0,367139040.0,37.829185,-122.470673,16.995946,0.492863,0.870107,90.0,0.0,0.0,0.038582,1623692071.0,369140000.0,37.806714,-122.515679,9.495006,-0.867447,-0.497529,90.0,73.0,0.0,0.041028,253.6602564102564,9.36602564102564,10.0
1623692072.0,366985270.0,37.82588,-122.442608,11.696003,0.931723,0.363169,60.0,25.0,9.0,0.041756,1623692072.0,367139040.0,37.829253,-122.470624,16.99784,0.493028,0.870013,90.0,0.0,0.0,0.036901,1623692072.0,369140000.0,37.806692,-122.515727,9.489621,-0.867571,-0.497313,90.0,73.0,0.0,0.039235,253.66666666666663,9.366666666666667,10.0
1623692073.0,366985270.0,37.825899,-122.442544,11.694755,0.932052,0.362326,60.0,25.0,9.0,0.039858,1623692073.0,367139040.0,37.829322,-122.470575,16.999385,0.49307,0.869989,90.0,0.0,0.0,0.035219,1623692073.0,369140000.0,37.80667,-122.515775,9.484313,-0.867696,-0.497096,90.0,73.0,0.0,0.037443,253.67307692307693,9.367307692307692,10.0
1623692074.0,366985270.0,37.825919,-122.44248,11.693472,0.932383,0.361472,60.0,25.0,9.0,0.03796,1623692074.0,367139040.0,37.82939,-122.470526,17.000581,0.492989,0.870035,90.0,0.0,0.0,0.033538,1623692074.0,369140000.0,37.806648,-122.515824,9.479081,-0.867821,-0.496877,90.0,73.0,0.0,0.035652,253.6794871794872,9.367948717948718,10.0
1623692075.0,366985270.0,37.825938,-122.442416,11.692155,0.932718,0.360607,60.0,25.0,9.0,0.036062,1623692075.0,367139040.0,37.829459,-122.470477,17.001428,0.492784,0.870151,90.0,0.0,0.0,0.031856,1623692075.0,369140000.0,37.806627,-122.515872,9.473926,-0.867947,-0.496657,90.0,73.0,0.0,0.033862,253.68589743589743,9.368589743589745,10.0
1623692076.0,366985270.0,37.825958,-122.442352,11.690805,0.933056,0.359731,60.0,25.0,9.0,0.034164,1623692076.0,367139040.0,37.829527,-122.470428,17.001929,0.492456,0.870337,90.0,0.0,0.0,0.030174,1623692076.0,369140000.0,37.806605,-122.51592,9.468847,-0.868073,-0.496436,90.0,73.0,0.0,0.032073,253.69230769230768,9.36923076923077,10.0
1623692077.0,366985270.0,37.825977,-122.442289,11.689421,0.933397,0.358845,60.0,25.0,9.0,0.032266,1623692077.0,367139040.0,37.829596,-122.470379,17.002085,0.492004,0.870593,90.0,0.0,0.0,0.028492,1623692077.0,369140000.0,37.806583,-122.515968,9.463845,-0.8682,-0.496214,90.0,73.0,0.0,0.030284,253.698717948718,9.369871794871797,10.0
1623692078.0,366985270.0,37.825997,-122.442225,11.688004,0.933741,0.357948,60.0,25.0,9.0,0.030368,1623692078.0,367139040.0,37.829664,-122.47033,17.0019,0.491429,0.870918,90.0,0.0,0.0,0.026811,1623692078.0,369140000.0,37.806561,-122.516016,9.458919,-0.868328,-0.49599,90.0,73.0,0.0,0.028496,253.7051282051282,9.37051282051282,10.0
1623692079.0,366985270.0,37.826016,-122.442161,11.686555,0.934089,0.357041,60.0,25.0,9.0,0.02847,1623692079.0,367139040.0,37.829733,-122.470281,17.001381,0.49073,0.871312,90.0,0.0,0.0,0.02513,1623692079.0,369140000.0,37.80654,-122.516064,9.454071,-0.868457,-0.495765,90.0,73.0,0.0,0.02671,253.71153846153845,9.371153846153844,10.0
1623692080.0,366985270.0,37.826035,-122.442097,11.685073,0.934439,0.356122,60.0,25.0,9.0,0.026572,1623692080.0,367139040.0,37.829801,-122.470232,17.000531,0.489906,0.871775,90.0,0.0,0.0,0.023449,1623692080.0,369140000.0,37.806518,-122.516112,9.449298,-0.868586,-0.495538,90.0,73.0,0.0,0.024924,253.7179487179488,9.371794871794872,10.0
1623692081.0,366985270.0,37.826055,-122.442033,11.683559,0.934793,0.355193,60.0,25.0,9.0,0.024674,1623692081.0,367139040.0,37.82987,-122.470183,16.999358,0.488958,0.872307,90.0,0.0,0.0,0.021769,1623692081.0,369140000.0,37.806496,-122.51616,9.444603,-0.868716,-0.495311,90.0,73.0,0.0,0.023139,253.72435897435892,9.372435897435896,10.0
1623692082.0,366985270.0,37.826074,-122.441969,11.682014,0.93515,0.354253,60.0,25.0,9.0,0.022776,1623692082.0,367139040.0,37.829938,-122.470135,16.99787,0.487886,0.872907,90.0,0.0,0.0,0.020089,1623692082.0,369140000.0,37.806475,-122.516209,9.439984,-0.868846,-0.495082,90.0,73.0,0.0,0.021354,253.73076923076923,9.373076923076924,10.0
1623692083.0,366985270.0,37.826093,-122.441905,11.680438,0.935509,0.353302,60.0,25.0,9.0,0.020878,1623692083.0,367139040.0,37.830007,-122.470086,16.996076,0.486688,0.873576,90.0,0.0,0.0,0.01841,1623692083.0,369140000.0,37.806453,-122.516257,9.435442,-0.868978,-0.494851,90.0,73.0,0.0,0.019571,253.73717948717947,9.37371794871795,10.0
1623692084.0,366985270.0,37.826112,-122.441841,11.678831,0.935872,0.35234,60.0,25.0,9.0,0.01898,1623692084.0,367139040.0,37.830076,-122.470038,16.993986,0.485366,0.874311,90.0,0.0,0.0,0.016731,1623692084.0,369140000.0,37.806431,-122.516305,9.430976,-0.869109,-0.49462,90.0,73.0,0.0,0.017788,253.74358974358967,9.374358974358977,10.0
1623692085.0,366985270.0,37.826131,-122.441777,11.677193,0.936238,0.351368,60.0,25.0,9.0,0.017082,1623692085.0,367139040.0,37.830144,-122.469989,16.99161,0.483917,0.875114,90.0,0.0,0.0,0.015053,1623692085.0,369140000.0,37.80641,-122.516353,9.426587,-0.869242,-0.494387,90.0,73.0,0.0,0.016006,253.75,9.375,10.0
1623692086.0,366985270.0,37.82615,-122.441713,11.675526,0.936606,0.350384,60.0,25.0,9.0,0.015184,1623692086.0,367139040.0,37.830213,-122.469941,16.988961,0.482342,0.875983,90.0,0.0,0.0,0.013376,1623692086.0,369140000.0,37.806388,-122.516401,9.422275,-0.869375,-0.494153,90.0,73.0,0.0,0.014225,253.75641025641025,9.375641025641023,10.0
1623692087.0,366985270.0,37.826169,-122.441649,11.673829,0.936978,0.349389,60.0,25.0,9.0,0.013286,1623692087.0,367139040.0,37.830282,-122.469893,16.986052,0.48064,0.876918,90.0,0.0,0.0,0.0117,1623692087.0,369140000.0,37.806367,-122.516449,9.41804,-0.869509,-0.493918,90.0,73.0,0.0,0.012444,253.76282051282053,9.37628205128205,10.0
1623692088.0,366985270.0,37.826188,-122.441585,11.672103,0.937352,0.348384,60.0,25.0,9.0,0.011388,1623692088.0,367139040.0,37.830351,-122.469845,16.982897,0.478811,0.877918,90.0,0.0,0.0,0.010025,1623692088.0,369140000.0,37.806345,-122.516496,9.413881,-0.869643,-0.493681,90.0,73.0,0.0,0.010665,253.7692307692308,9.376923076923076,10.0
1623692089.0,366985270.0,37.826207,-122.441521,11.670348,0.937729,0.347367,60.0,25.0,9.0,0.00949,1623692089.0,367139040.0,37.83042,-122.469798,16.979511,0.476854,0.878983,90.0,0.0,0.0,0.008351,1623692089.0,369140000.0,37.806324,-122.516544,9.409799,-0.869778,-0.493443,90.0,73.0,0.0,0.008885,253.77564102564105,9.377564102564104,10.0
1623692090.0,366985270.0,37.826226,-122.441457,11.668566,0.938109,0.34634,60.0,25.0,9.0,0.007592,1623692090.0,367139040.0,37.830489,-122.46975,16.97591,0.474768,0.880111,90.0,0.0,0.0,0.006678,1623692090.0,369140000.0,37.806302,-122.516592,9.405793,-0.869914,-0.493204,90.0,73.0,0.0,0.007107,253.78205128205127,9.378205128205128,10.0
1623692091.0,366985270.0,37.826244,-122.441392,11.666755,0.938492,0.345301,60.0,25.0,9.0,0.005694,1623692091.0,367139040.0,37.830558,-122.469703,16.972112,0.472554,0.881302,90.0,0.0,0.0,0.005007,1623692091.0,369140000.0,37.806281,-122.51664,9.401865,-0.87005,-0.492964,90.0,73.0,0.0,0.005329,253.78846153846155,9.378846153846156,10.0
1623692092.0,366985270.0,37.826263,-122.441328,11.664917,0.938878,0.344251,60.0,25.0,9.0,0.003796,1623692092.0,367139040.0,37.830627,-122.469656,16.968134,0.470209,0.882555,90.0,0.0,0.0,0.003336,1623692092.0,369140000.0,37.806259,-122.516688,9.398013,-0.870187,-0.492722,90.0,73.0,0.0,0.003552,253.7948717948718,9.37948717948718,10.0
1623692093.0,366985270.0,37.826281,-122.441264,11.663052,0.939266,0.343191,60.0,25.0,9.0,0.001898,1623692093.0,367139040.0,37.830697,-122.469609,16.963997,0.467734,0.883869,90.0,0.0,0.0,0.001668,1623692093.0,369140000.0,37.806238,-122.516736,9.394238,-0.870324,-0.49248,90.0,73.0,0.0,0.001776,253.80128205128204,9.380128205128203,10.0
1623692094.0,366985270.0,37.8263,-122.4412,11.663052,0.939266,0.343191,60.0,25.0,9.0,0.0,1623692094.0,367139040.0,37.830766,-122.469563,16.963997,0.467734,0.883869,90.0,0.0,0.0,0.0,1623692094.0,369140000.0,37.806216,-122.516784,9.394238,-0.870324,-0.49248,90.0,73.0,0.0,0.0,253.80769230769232,9.38076923076923,10.0
