Timestamp,MMSI,Latitude,Longitude,Speed,Course-sin,Course-cos,Length,Width,Vesseltype,Distance,WindDirection,WindSpeed,Visibility
1626628043.0,368052630.0,37.816612,-122.479212,8.38569,-0.914479,0.404633,60.0,42.0,10.0,0.956422,300.0,7.0,10.0
1626628044.0,368052630.0,37.816628,-122.479257,8.370908,-0.903636,0.428301,60.0,42.0,10.0,0.958509,300.0,7.0,10.0
1626628045.0,368052630.0,37.816645,-122.479301,8.361739,-0.891924,0.452185,60.0,42.0,10.0,0.960551,300.0,7.0,10.0
1626628046.0,368052630.0,37.816662,-122.479345,8.35853,-0.879328,0.476217,60.0,42.0,10.0,0.962549,300.0,7.0,10.0
1626628047.0,368052630.0,37.816681,-122.479388,8.361623,-0.865837,0.500326,60.0,42.0,10.0,0.964502,300.0,7.0,10.0
1626628048.0,368052630.0,37.8167,-122.47943,8.370349,-0.851524,0.524316,60.0,42.0,10.0,0.966408,300.0,7.0,10.0
1626628049.0,368052630.0,37.81672,-122.479472,8.380789,-0.836697,0.547666,60.0,42.0,10.0,0.968267,300.0,7.0,10.0
1626628050.0,368052630.0,37.816742,-122.479513,8.39171,-0.82146,0.570267,60.0,42.0,10.0,0.970079,300.0,7.0,10.0
1626628051.0,368052630.0,37.816764,-122.479553,8.402867,-0.80584,0.592134,60.0,42.0,10.0,0.971843,300.0,7.0,10.0
1626628052.0,368052630.0,37.816787,-122.479593,8.414031,-0.789861,0.613286,60.0,42.0,10.0,0.973559,300.0,7.0,10.0
1626628053.0,368052630.0,37.816811,-122.479632,8.424987,-0.773546,0.633741,60.0,42.0,10.0,0.975226,300.0,7.0,10.0
1626628054.0,368052630.0,37.816835,-122.47967,8.435539,-0.756911,0.653518,60.0,42.0,10.0,0.976844,300.0,7.0,10.0
1626628055.0,368052630.0,37.816861,-122.479707,8.445504,-0.739971,0.672639,60.0,42.0,10.0,0.978413,300.0,7.0,10.0
1626628056.0,368052630.0,37.816887,-122.479744,8.454718,-0.722739,0.691121,60.0,42.0,10.0,0.979931,300.0,7.0,10.0
1626628057.0,368052630.0,37.816914,-122.47978,8.463028,-0.705222,0.708986,60.0,42.0,10.0,0.981399,300.0,7.0,10.0
1626628058.0,368052630.0,37.816942,-122.479815,8.4703,-0.687428,0.726253,60.0,42.0,10.0,0.982816,300.0,7.0,10.0
1626628059.0,368052630.0,37.81697,-122.479849,8.476414,-0.66936,0.742939,60.0,42.0,10.0,0.984181,300.0,7.0,10.0
1626628060.0,368052630.0,37.816999,-122.479882,8.481262,-0.651018,0.759062,60.0,42.0,10.0,0.985495,300.0,7.0,10.0
1626628061.0,368052630.0,37.817029,-122.479914,8.484755,-0.632404,0.774639,60.0,42.0,10.0,0.986755,300.0,7.0,10.0
1626628062.0,368052630.0,37.81706,-122.479946,8.486814,-0.613512,0.789685,60.0,42.0,10.0,0.987963,300.0,7.0,10.0
1626628063.0,368052630.0,37.817091,-122.479976,8.487377,-0.594339,0.804215,60.0,42.0,10.0,0.989116,300.0,7.0,10.0
1626628064.0,368052630.0,37.817122,-122.480006,8.486395,-0.574878,0.818239,60.0,42.0,10.0,0.990216,300.0,7.0,10.0
1626628065.0,368052630.0,37.817154,-122.480034,8.483834,-0.555119,0.831771,60.0,42.0,10.0,0.99126,300.0,7.0,10.0
1626628066.0,368052630.0,37.817187,-122.480062,8.479671,-0.535054,0.844818,60.0,42.0,10.0,0.99225,300.0,7.0,10.0
1626628067.0,368052630.0,37.81722,-122.480089,8.473901,-0.51467,0.857388,60.0,42.0,10.0,0.993183,300.0,7.0,10.0
1626628068.0,368052630.0,37.817254,-122.480114,8.46653,-0.493956,0.869487,60.0,42.0,10.0,0.994059,300.0,7.0,10.0
1626628069.0,368052630.0,37.817288,-122.480139,8.457578,-0.472897,0.881118,60.0,42.0,10.0,0.994878,300.0,7.0,10.0
1626628070.0,368052630.0,37.817322,-122.480162,8.447081,-0.451478,0.892282,60.0,42.0,10.0,0.995639,300.0,7.0,10.0
1626628071.0,368052630.0,37.817357,-122.480184,8.435087,-0.429684,0.902979,60.0,42.0,10.0,0.996341,300.0,7.0,10.0
1626628072.0,368052630.0,37.817392,-122.480206,8.42166,-0.407499,0.913206,60.0,42.0,10.0,0.996985,300.0,7.0,10.0
1626628073.0,368052630.0,37.817428,-122.480226,8.406877,-0.384906,0.922956,60.0,42.0,10.0,0.997568,300.0,7.0,10.0
1626628074.0,368052630.0,37.817464,-122.480245,8.390832,-0.361887,0.932222,60.0,42.0,10.0,0.99809,300.0,7.0,10.0
1626628075.0,368052630.0,37.8175,-122.480262,8.373631,-0.338426,0.940993,60.0,42.0,10.0,0.998552,300.0,7.0,10.0
1626628076.0,368052630.0,37.817537,-122.480279,8.3554,-0.314505,0.949256,60.0,42.0,10.0,0.998951,300.0,7.0,10.0
1626628077.0,368052630.0,37.817573,-122.480294,8.336276,-0.290108,0.956994,60.0,42.0,10.0,0.999287,300.0,7.0,10.0
1626628078.0,368052630.0,37.81761,-122.480309,8.316414,-0.265219,0.964188,60.0,42.0,10.0,0.99956,300.0,7.0,10.0
1626628079.0,368052630.0,37.817647,-122.480321,8.295986,-0.239822,0.970817,60.0,42.0,10.0,0.999768,300.0,7.0,10.0
1626628080.0,368052630.0,37.817684,-122.480333,8.27518,-0.213904,0.976855,60.0,42.0,10.0,0.999912,300.0,7.0,10.0
1626628081.0,368052630.0,37.817722,-122.480343,8.254201,-0.187452,0.982274,60.0,42.0,10.0,0.999989,300.0,7.0,10.0
1626628082.0,368052630.0,37.817759,-122.480353,8.233272,-0.160457,0.987043,60.0,42.0,10.0,1.0,300.0,7.0,10.0
1626628083.0,368052630.0,37.817797,-122.48036,8.212633,-0.13291,0.991128,60.0,42.0,10.0,0.999943,300.0,7.0,10.0
1626628084.0,368052630.0,37.817835,-122.480367,8.192541,-0.104808,0.994492,60.0,42.0,10.0,0.999819,300.0,7.0,10.0
1626628085.0,368052630.0,37.817872,-122.480372,8.173272,-0.076149,0.997096,60.0,42.0,10.0,0.999625,300.0,7.0,10.0
1626628086.0,368052630.0,37.81791,-122.480375,8.155119,-0.046937,0.998898,60.0,42.0,10.0,0.999361,300.0,7.0,10.0
1626628087.0,368052630.0,37.817948,-122.480378,8.138394,-0.017178,0.999852,60.0,42.0,10.0,0.999027,300.0,7.0,10.0
1626628088.0,368052630.0,37.817985,-122.480378,8.123425,0.013114,0.999914,60.0,42.0,10.0,0.998621,300.0,7.0,10.0
1626628089.0,368052630.0,37.818023,-122.480378,8.110556,0.04392,0.999035,60.0,42.0,10.0,0.998142,300.0,7.0,10.0
1626628090.0,368052630.0,37.81806,-122.480376,8.10015,0.075216,0.997167,60.0,42.0,10.0,0.99759,300.0,7.0,10.0
1626628091.0,368052630.0,37.818098,-122.480372,8.092584,0.10697,0.994262,60.0,42.0,10.0,0.996964,300.0,7.0,10.0
1626628092.0,368052630.0,37.818135,-122.480367,8.088247,0.139143,0.990272,60.0,42.0,10.0,0.996263,300.0,7.0,10.0
1626628093.0,368052630.0,37.818172,-122.48036,8.087545,0.171689,0.985151,60.0,42.0,10.0,0.995486,300.0,7.0,10.0
1626628094.0,368052630.0,37.818209,-122.480352,8.090891,0.204554,0.978855,60.0,42.0,10.0,0.994632,300.0,7.0,10.0
1626628095.0,368052630.0,37.818246,-122.480343,8.09871,0.237674,0.971345,60.0,42.0,10.0,0.9937,300.0,7.0,10.0
1626628096.0,368052630.0,37.818282,-122.480331,8.111434,0.270981,0.962585,60.0,42.0,10.0,0.992689,300.0,7.0,10.0
1626628097.0,368052630.0,37.818318,-122.480318,8.129496,0.304397,0.952545,60.0,42.0,10.0,0.991599,300.0,7.0,10.0
1626628098.0,368052630.0,37.818354,-122.480304,8.153334,0.337838,0.941204,60.0,42.0,10.0,0.990427,300.0,7.0,10.0
1626628099.0,368052630.0,37.818389,-122.480288,8.183384,0.371212,0.928548,60.0,42.0,10.0,0.989175,300.0,7.0,10.0
1626628100.0,368052630.0,37.818425,-122.48027,8.220076,0.404423,0.914572,60.0,42.0,10.0,0.987839,300.0,7.0,10.0
1626628101.0,368052630.0,37.818459,-122.480251,8.263833,0.437372,0.899281,60.0,42.0,10.0,0.986421,300.0,7.0,10.0
1626628102.0,368052630.0,37.818494,-122.480229,8.315068,0.469955,0.88269,60.0,42.0,10.0,0.984917,300.0,7.0,10.0
1626628103.0,368052630.0,37.818528,-122.480207,8.374179,0.502068,0.864828,60.0,42.0,10.0,0.983328,300.0,7.0,10.0
1626628104.0,368052630.0,37.818561,-122.480182,8.441544,0.533606,0.845733,60.0,42.0,10.0,0.981653,300.0,7.0,10.0
1626628105.0,368052630.0,37.818594,-122.480156,8.517524,0.564468,0.825455,60.0,42.0,10.0,0.97989,300.0,7.0,10.0
1626628106.0,368052630.0,37.818627,-122.480127,8.602454,0.594556,0.804054,60.0,42.0,10.0,0.978039,300.0,7.0,10.0
1626628107.0,368052630.0,37.818659,-122.480097,8.696646,0.623777,0.781602,60.0,42.0,10.0,0.976098,300.0,7.0,10.0
1626628108.0,368052630.0,37.81869,-122.480066,8.800382,0.652046,0.75818,60.0,42.0,10.0,0.974067,300.0,7.0,10.0
1626628109.0,368052630.0,37.818721,-122.480032,8.913916,0.679285,0.733874,60.0,42.0,10.0,0.971944,300.0,7.0,10.0
1626628110.0,368052630.0,37.818751,-122.479997,9.037472,0.705429,0.708781,60.0,42.0,10.0,0.969729,300.0,7.0,10.0
1626628111.0,368052630.0,37.818781,-122.479959,9.171241,0.730419,0.682999,60.0,42.0,10.0,0.967421,300.0,7.0,10.0
1626628112.0,368052630.0,37.81881,-122.47992,9.314987,0.754061,0.656805,60.0,42.0,10.0,0.965018,300.0,7.0,10.0
1626628113.0,368052630.0,37.818838,-122.479879,9.466728,0.775783,0.630999,60.0,42.0,10.0,0.96252,300.0,7.0,10.0
1626628114.0,368052630.0,37.818866,-122.479836,9.62498,0.79557,0.605862,60.0,42.0,10.0,0.959928,300.0,7.0,10.0
1626628115.0,368052630.0,37.818893,-122.479791,9.788659,0.813565,0.581474,60.0,42.0,10.0,0.957245,300.0,7.0,10.0
1626628116.0,368052630.0,37.818919,-122.479744,9.956757,0.829911,0.557896,60.0,42.0,10.0,0.954472,300.0,7.0,10.0
1626628117.0,368052630.0,37.818945,-122.479696,10.128345,0.844746,0.535167,60.0,42.0,10.0,0.951611,300.0,7.0,10.0
1626628118.0,368052630.0,37.81897,-122.479646,10.302565,0.858203,0.51331,60.0,42.0,10.0,0.948664,300.0,7.0,10.0
1626628119.0,368052630.0,37.818994,-122.479594,10.478629,0.870405,0.492336,60.0,42.0,10.0,0.945634,300.0,7.0,10.0
1626628120.0,368052630.0,37.819018,-122.479541,10.655816,0.881468,0.472243,60.0,42.0,10.0,0.942521,300.0,7.0,10.0
1626628121.0,368052630.0,37.819042,-122.479486,10.833464,0.891499,0.453022,60.0,42.0,10.0,0.939327,300.0,7.0,10.0
1626628122.0,368052630.0,37.819064,-122.479429,11.010972,0.900596,0.434658,60.0,42.0,10.0,0.936056,300.0,7.0,10.0
1626628123.0,368052630.0,37.819086,-122.479371,11.187787,0.908847,0.417129,60.0,42.0,10.0,0.932709,300.0,7.0,10.0
1626628124.0,368052630.0,37.819108,-122.479311,11.363407,0.916336,0.40041,60.0,42.0,10.0,0.929287,300.0,7.0,10.0
1626628125.0,368052630.0,37.819129,-122.47925,11.537374,0.923135,0.384476,60.0,42.0,10.0,0.925793,300.0,7.0,10.0
1626628126.0,368052630.0,37.81915,-122.479188,11.709271,0.929312,0.369297,60.0,42.0,10.0,0.922228,300.0,7.0,10.0
1626628127.0,368052630.0,37.81917,-122.479124,11.878715,0.934926,0.354843,60.0,42.0,10.0,0.918596,300.0,7.0,10.0
1626628128.0,368052630.0,37.819189,-122.479059,12.045359,0.940032,0.341087,60.0,42.0,10.0,0.914897,300.0,7.0,10.0
1626628129.0,368052630.0,37.819208,-122.478993,12.208885,0.944679,0.327997,60.0,42.0,10.0,0.911134,300.0,7.0,10.0
1626628130.0,368052630.0,37.819227,-122.478925,12.369003,0.948911,0.315545,60.0,42.0,10.0,0.907308,300.0,7.0,10.0
1626628131.0,368052630.0,37.819245,-122.478857,12.525449,0.952767,0.303703,60.0,42.0,10.0,0.903423,300.0,7.0,10.0
1626628132.0,368052630.0,37.819262,-122.478787,12.677979,0.956283,0.292443,60.0,42.0,10.0,0.899479,300.0,7.0,10.0
1626628133.0,368052630.0,37.81928,-122.478716,12.826372,0.959491,0.28174,60.0,42.0,10.0,0.895479,300.0,7.0,10.0
1626628134.0,368052630.0,37.819296,-122.478644,12.970425,0.962419,0.271568,60.0,42.0,10.0,0.891425,300.0,7.0,10.0
1626628135.0,368052630.0,37.819313,-122.478571,13.109952,0.965094,0.261903,60.0,42.0,10.0,0.887318,300.0,7.0,10.0
1626628136.0,368052630.0,37.819328,-122.478497,13.244781,0.967539,0.252723,60.0,42.0,10.0,0.883162,300.0,7.0,10.0
1626628137.0,368052630.0,37.819344,-122.478421,13.374757,0.969774,0.244006,60.0,42.0,10.0,0.878958,300.0,7.0,10.0
1626628138.0,368052630.0,37.819359,-122.478346,13.499735,0.971818,0.235731,60.0,42.0,10.0,0.874708,300.0,7.0,10.0
1626628139.0,368052630.0,37.819374,-122.478269,13.619582,0.973689,0.227881,60.0,42.0,10.0,0.870414,300.0,7.0,10.0
1626628140.0,368052630.0,37.819388,-122.478191,13.734178,0.975401,0.220437,60.0,42.0,10.0,0.866078,300.0,7.0,10.0
1626628141.0,368052630.0,37.819402,-122.478113,13.84341,0.976969,0.213381,60.0,42.0,10.0,0.861702,300.0,7.0,10.0
1626628142.0,368052630.0,37.819416,-122.478033,13.947175,0.978405,0.206699,60.0,42.0,10.0,0.857289,300.0,7.0,10.0
1626628143.0,368052630.0,37.819429,-122.477953,14.045379,0.979719,0.200376,60.0,42.0,10.0,0.85284,300.0,7.0,10.0
1626628144.0,368052630.0,37.819442,-122.477873,14.137933,0.980923,0.194397,60.0,42.0,10.0,0.848357,300.0,7.0,10.0
1626628145.0,368052630.0,37.819455,-122.477792,14.224756,0.982025,0.18875,60.0,42.0,10.0,0.843843,300.0,7.0,10.0
1626628146.0,368052630.0,37.819467,-122.47771,14.305776,0.983034,0.183424,60.0,42.0,10.0,0.8393,300.0,7.0,10.0
1626628147.0,368052630.0,37.819479,-122.477627,14.380923,0.983957,0.178406,60.0,42.0,10.0,0.834729,300.0,7.0,10.0
1626628148.0,368052630.0,37.819491,-122.477545,14.450133,0.984801,0.173688,60.0,42.0,10.0,0.830133,300.0,7.0,10.0
1626628149.0,368052630.0,37.819503,-122.477461,14.51335,0.985572,0.169259,60.0,42.0,10.0,0.825513,300.0,7.0,10.0
1626628150.0,368052630.0,37.819514,-122.477377,14.57052,0.986275,0.165111,60.0,42.0,10.0,0.820873,300.0,7.0,10.0
1626628151.0,368052630.0,37.819525,-122.477293,14.621593,0.986916,0.161237,60.0,42.0,10.0,0.816214,300.0,7.0,10.0
1626628152.0,368052630.0,37.819536,-122.477209,14.666525,0.987499,0.157628,60.0,42.0,10.0,0.811537,300.0,7.0,10.0
1626628153.0,368052630.0,37.819547,-122.477124,14.705274,0.988027,0.154278,60.0,42.0,10.0,0.806846,300.0,7.0,10.0
1626628154.0,368052630.0,37.819557,-122.477039,14.737803,0.988506,0.151182,60.0,42.0,10.0,0.802142,300.0,7.0,10.0
1626628155.0,368052630.0,37.819568,-122.476954,14.764077,0.988937,0.148334,60.0,42.0,10.0,0.797427,300.0,7.0,10.0
1626628156.0,368052630.0,37.819578,-122.476868,14.784065,0.989324,0.14573,60.0,42.0,10.0,0.792704,300.0,7.0,10.0
1626628157.0,368052630.0,37.819588,-122.476782,14.797739,0.98967,0.143365,60.0,42.0,10.0,0.787974,300.0,7.0,10.0
1626628158.0,368052630.0,37.819598,-122.476697,14.805073,0.989976,0.141237,60.0,42.0,10.0,0.78324,300.0,7.0,10.0
1626628159.0,368052630.0,37.819607,-122.476611,14.806045,0.990244,0.139341,60.0,42.0,10.0,0.778503,300.0,7.0,10.0
1626628160.0,368052630.0,37.819617,-122.476525,14.800635,0.990477,0.137677,60.0,42.0,10.0,0.773766,300.0,7.0,10.0
1626628161.0,368052630.0,37.819626,-122.476439,14.788825,0.990676,0.136241,60.0,42.0,10.0,0.76903,300.0,7.0,10.0
1626628162.0,368052630.0,37.819636,-122.476353,14.770601,0.990841,0.135034,60.0,42.0,10.0,0.764299,300.0,7.0,10.0
1626628163.0,368052630.0,37.819645,-122.476267,14.74595,0.990974,0.134054,60.0,42.0,10.0,0.759573,300.0,7.0,10.0
1626628164.0,368052630.0,37.819654,-122.476182,14.714862,0.991076,0.133302,60.0,42.0,10.0,0.754855,300.0,7.0,10.0
1626628165.0,368052630.0,37.819663,-122.476096,14.677329,0.991146,0.132777,60.0,42.0,10.0,0.750148,300.0,7.0,10.0
1626628166.0,368052630.0,37.819672,-122.476011,14.633345,0.991186,0.132481,60.0,42.0,10.0,0.745452,300.0,7.0,10.0
1626628167.0,368052630.0,37.819681,-122.475926,14.582909,0.991194,0.132416,60.0,42.0,10.0,0.740771,300.0,7.0,10.0
1626628168.0,368052630.0,37.81969,-122.475842,14.526018,0.991172,0.132584,60.0,42.0,10.0,0.736105,300.0,7.0,10.0
1626628169.0,368052630.0,37.819699,-122.475757,14.462675,0.991118,0.132988,60.0,42.0,10.0,0.731459,300.0,7.0,10.0
1626628170.0,368052630.0,37.819708,-122.475673,14.392884,0.991031,0.133632,60.0,42.0,10.0,0.726832,300.0,7.0,10.0
1626628171.0,368052630.0,37.819717,-122.47559,14.316652,0.990911,0.134519,60.0,42.0,10.0,0.722228,300.0,7.0,10.0
1626628172.0,368052630.0,37.819726,-122.475507,14.233988,0.990756,0.135655,60.0,42.0,10.0,0.717649,300.0,7.0,10.0
1626628173.0,368052630.0,37.819735,-122.475424,14.144905,0.990565,0.137047,60.0,42.0,10.0,0.713096,300.0,7.0,10.0
1626628174.0,368052630.0,37.819744,-122.475342,14.049416,0.990335,0.138699,60.0,42.0,10.0,0.708571,300.0,7.0,10.0
1626628175.0,368052630.0,37.819753,-122.475261,13.947542,0.990064,0.14062,60.0,42.0,10.0,0.704078,300.0,7.0,10.0
1626628176.0,368052630.0,37.819762,-122.47518,13.839302,0.989749,0.142818,60.0,42.0,10.0,0.699617,300.0,7.0,10.0
1626628177.0,368052630.0,37.819771,-122.4751,13.724722,0.989387,0.145303,60.0,42.0,10.0,0.695191,300.0,7.0,10.0
1626628178.0,368052630.0,37.81978,-122.47502,13.605297,0.988983,0.148032,60.0,42.0,10.0,0.690801,300.0,7.0,10.0
1626628179.0,368052630.0,37.819789,-122.474941,13.486912,0.988564,0.150801,60.0,42.0,10.0,0.686451,300.0,7.0,10.0
1626628180.0,368052630.0,37.819799,-122.474863,13.371031,0.98814,0.153555,60.0,42.0,10.0,0.682138,300.0,7.0,10.0
1626628181.0,368052630.0,37.819808,-122.474786,13.257651,0.987711,0.156293,60.0,42.0,10.0,0.677862,300.0,7.0,10.0
1626628182.0,368052630.0,37.819818,-122.474709,13.146767,0.987277,0.159013,60.0,42.0,10.0,0.673623,300.0,7.0,10.0
1626628183.0,368052630.0,37.819827,-122.474633,13.038373,0.986838,0.161712,60.0,42.0,10.0,0.66942,300.0,7.0,10.0
1626628184.0,368052630.0,37.819837,-122.474558,12.932467,0.986396,0.164389,60.0,42.0,10.0,0.665252,300.0,7.0,10.0
1626628185.0,368052630.0,37.819847,-122.474483,12.829042,0.98595,0.167042,60.0,42.0,10.0,0.661118,300.0,7.0,10.0
1626628186.0,368052630.0,37.819857,-122.474409,12.728095,0.985501,0.169669,60.0,42.0,10.0,0.657017,300.0,7.0,10.0
1626628187.0,368052630.0,37.819867,-122.474335,12.62962,0.98505,0.172267,60.0,42.0,10.0,0.65295,300.0,7.0,10.0
1626628188.0,368052630.0,37.819877,-122.474263,12.533612,0.984598,0.174835,60.0,42.0,10.0,0.648913,300.0,7.0,10.0
1626628189.0,368052630.0,37.819887,-122.47419,12.440067,0.984144,0.17737,60.0,42.0,10.0,0.644909,300.0,7.0,10.0
1626628190.0,368052630.0,37.819897,-122.474119,12.348979,0.98369,0.17987,60.0,42.0,10.0,0.640934,300.0,7.0,10.0
1626628191.0,368052630.0,37.819908,-122.474047,12.260343,0.983237,0.182334,60.0,42.0,10.0,0.636989,300.0,7.0,10.0
1626628192.0,368052630.0,37.819918,-122.473977,12.174155,0.982784,0.184757,60.0,42.0,10.0,0.633072,300.0,7.0,10.0
1626628193.0,368052630.0,37.819928,-122.473907,12.090408,0.982333,0.187139,60.0,42.0,10.0,0.629184,300.0,7.0,10.0
1626628194.0,368052630.0,37.819939,-122.473837,12.009098,0.981885,0.189478,60.0,42.0,10.0,0.625323,300.0,7.0,10.0
1626628195.0,368052630.0,37.819949,-122.473768,11.930219,0.98144,0.19177,60.0,42.0,10.0,0.621488,300.0,7.0,10.0
1626628196.0,368052630.0,37.81996,-122.4737,11.853767,0.980999,0.194014,60.0,42.0,10.0,0.617679,300.0,7.0,10.0
1626628197.0,368052630.0,37.819971,-122.473631,11.779736,0.980562,0.196208,60.0,42.0,10.0,0.613895,300.0,7.0,10.0
1626628198.0,368052630.0,37.819981,-122.473564,11.70812,0.980132,0.198348,60.0,42.0,10.0,0.610135,300.0,7.0,10.0
1626628199.0,368052630.0,37.819992,-122.473497,11.638916,0.979707,0.200434,60.0,42.0,10.0,0.606398,300.0,7.0,10.0
1626628200.0,368052630.0,37.820003,-122.47343,11.572116,0.97929,0.202463,60.0,42.0,10.0,0.602684,300.0,7.0,10.0
1626628201.0,368052630.0,37.820014,-122.473363,11.507717,0.978881,0.204432,60.0,42.0,10.0,0.598992,300.0,7.0,10.0
1626628202.0,368052630.0,37.820025,-122.473297,11.445714,0.97848,0.206339,60.0,42.0,10.0,0.595321,300.0,7.0,10.0
1626628203.0,368052630.0,37.820036,-122.473232,11.3861,0.97809,0.208184,60.0,42.0,10.0,0.59167,300.0,7.0,10.0
1626628204.0,368052630.0,37.820046,-122.473167,11.328873,0.97771,0.209962,60.0,42.0,10.0,0.588038,300.0,7.0,10.0
1626628205.0,368052630.0,37.820057,-122.473102,11.274026,0.977341,0.211672,60.0,42.0,10.0,0.584426,300.0,7.0,10.0
1626628206.0,368052630.0,37.820069,-122.473037,11.221555,0.976984,0.213313,60.0,42.0,10.0,0.580831,300.0,7.0,10.0
1626628207.0,368052630.0,37.82008,-122.472973,11.171457,0.97664,0.214883,60.0,42.0,10.0,0.577253,300.0,7.0,10.0
1626628208.0,368052630.0,37.820091,-122.472909,11.123725,0.97631,0.216378,60.0,42.0,10.0,0.573692,300.0,7.0,10.0
1626628209.0,368052630.0,37.820102,-122.472846,11.078356,0.975994,0.217798,60.0,42.0,10.0,0.570146,300.0,7.0,10.0
1626628210.0,368052630.0,37.820113,-122.472782,11.035347,0.975693,0.219141,60.0,42.0,10.0,0.566615,300.0,7.0,10.0
1626628211.0,368052630.0,37.820124,-122.472719,10.994693,0.975408,0.220406,60.0,42.0,10.0,0.563099,300.0,7.0,10.0
1626628212.0,368052630.0,37.820135,-122.472656,10.95639,0.97514,0.221589,60.0,42.0,10.0,0.559596,300.0,7.0,10.0
1626628213.0,368052630.0,37.820147,-122.472594,10.920435,0.974889,0.222691,60.0,42.0,10.0,0.556105,300.0,7.0,10.0
1626628214.0,368052630.0,37.820158,-122.472531,10.886825,0.974656,0.223709,60.0,42.0,10.0,0.552626,300.0,7.0,10.0
1626628215.0,368052630.0,37.820169,-122.472469,10.855557,0.974441,0.224643,60.0,42.0,10.0,0.549158,300.0,7.0,10.0
1626628216.0,368052630.0,37.82018,-122.472407,10.826627,0.974246,0.22549,60.0,42.0,10.0,0.5457,300.0,7.0,10.0
1626628217.0,368052630.0,37.820192,-122.472346,10.800034,0.974069,0.22625,60.0,42.0,10.0,0.542252,300.0,7.0,10.0
1626628218.0,368052630.0,37.820203,-122.472284,10.775775,0.973913,0.226921,60.0,42.0,10.0,0.538812,300.0,7.0,10.0
1626628219.0,368052630.0,37.820214,-122.472222,10.753847,0.973777,0.227503,60.0,42.0,10.0,0.535381,300.0,7.0,10.0
1626628220.0,368052630.0,37.820226,-122.472161,10.73425,0.973662,0.227995,60.0,42.0,10.0,0.531956,300.0,7.0,10.0
1626628221.0,368052630.0,37.820237,-122.4721,10.716981,0.973568,0.228396,60.0,42.0,10.0,0.528538,300.0,7.0,10.0
1626628222.0,368052630.0,37.820248,-122.472039,10.702039,0.973496,0.228705,60.0,42.0,10.0,0.525126,300.0,7.0,10.0
1626628223.0,368052630.0,37.82026,-122.471978,10.689424,0.973445,0.228922,60.0,42.0,10.0,0.521718,300.0,7.0,10.0
1626628224.0,368052630.0,37.820271,-122.471917,10.679135,0.973416,0.229046,60.0,42.0,10.0,0.518315,300.0,7.0,10.0
1626628225.0,368052630.0,37.820282,-122.471856,10.67117,0.973408,0.229077,60.0,42.0,10.0,0.514915,300.0,7.0,10.0
1626628226.0,368052630.0,37.820294,-122.471795,10.665531,0.973423,0.229014,60.0,42.0,10.0,0.511517,300.0,7.0,10.0
1626628227.0,368052630.0,37.820305,-122.471734,10.662217,0.97346,0.228858,60.0,42.0,10.0,0.508121,300.0,7.0,10.0
1626628228.0,368052630.0,37.820316,-122.471674,10.661229,0.973518,0.228609,60.0,42.0,10.0,0.504726,300.0,7.0,10.0
1626628229.0,368052630.0,37.820327,-122.471613,10.662568,0.973599,0.228266,60.0,42.0,10.0,0.501332,300.0,7.0,10.0
1626628230.0,368052630.0,37.820339,-122.471552,10.666234,0.973701,0.22783,60.0,42.0,10.0,0.497937,300.0,7.0,10.0
1626628231.0,368052630.0,37.82035,-122.471491,10.67223,0.973824,0.227302,60.0,42.0,10.0,0.49454,300.0,7.0,10.0
1626628232.0,368052630.0,37.820361,-122.47143,10.680556,0.973969,0.226681,60.0,42.0,10.0,0.491142,300.0,7.0,10.0
1626628233.0,368052630.0,37.820372,-122.471369,10.691215,0.974135,0.225969,60.0,42.0,10.0,0.48774,300.0,7.0,10.0
1626628234.0,368052630.0,37.820384,-122.471308,10.704209,0.974321,0.225165,60.0,42.0,10.0,0.484336,300.0,7.0,10.0
1626628235.0,368052630.0,37.820395,-122.471247,10.71954,0.974527,0.224271,60.0,42.0,10.0,0.480926,300.0,7.0,10.0
1626628236.0,368052630.0,37.820406,-122.471186,10.737211,0.974752,0.223289,60.0,42.0,10.0,0.477512,300.0,7.0,10.0
1626628237.0,368052630.0,37.820417,-122.471125,10.757225,0.974997,0.222217,60.0,42.0,10.0,0.474091,300.0,7.0,10.0
1626628238.0,368052630.0,37.820428,-122.471063,10.779585,0.97526,0.221059,60.0,42.0,10.0,0.470664,300.0,7.0,10.0
1626628239.0,368052630.0,37.820439,-122.471002,10.804296,0.975542,0.219815,60.0,42.0,10.0,0.467229,300.0,7.0,10.0
1626628240.0,368052630.0,37.82045,-122.47094,10.83087,0.975835,0.218507,60.0,42.0,10.0,0.463787,300.0,7.0,10.0
1626628241.0,368052630.0,37.820461,-122.470878,10.857352,0.976123,0.217219,60.0,42.0,10.0,0.460335,300.0,7.0,10.0
1626628242.0,368052630.0,37.820472,-122.470816,10.88325,0.9764,0.215971,60.0,42.0,10.0,0.456874,300.0,7.0,10.0
1626628243.0,368052630.0,37.820483,-122.470754,10.908562,0.976666,0.214763,60.0,42.0,10.0,0.453405,300.0,7.0,10.0
1626628244.0,368052630.0,37.820494,-122.470691,10.933288,0.976922,0.213595,60.0,42.0,10.0,0.449928,300.0,7.0,10.0
1626628245.0,368052630.0,37.820504,-122.470629,10.957426,0.977169,0.212466,60.0,42.0,10.0,0.446442,300.0,7.0,10.0
1626628246.0,368052630.0,37.820515,-122.470566,10.980973,0.977405,0.211375,60.0,42.0,10.0,0.442948,300.0,7.0,10.0
1626628247.0,368052630.0,37.820526,-122.470503,11.00393,0.977632,0.210323,60.0,42.0,10.0,0.439447,300.0,7.0,10.0
1626628248.0,368052630.0,37.820537,-122.47044,11.026294,0.97785,0.209308,60.0,42.0,10.0,0.435938,300.0,7.0,10.0
1626628249.0,368052630.0,37.820547,-122.470377,11.048064,0.978058,0.208331,60.0,42.0,10.0,0.432421,300.0,7.0,10.0
1626628250.0,368052630.0,37.820558,-122.470314,11.06924,0.978258,0.207391,60.0,42.0,10.0,0.428898,300.0,7.0,10.0
1626628251.0,368052630.0,37.820569,-122.47025,11.08982,0.978449,0.206488,60.0,42.0,10.0,0.425367,300.0,7.0,10.0
1626628252.0,368052630.0,37.820579,-122.470187,11.109802,0.978632,0.205621,60.0,42.0,10.0,0.42183,300.0,7.0,10.0
1626628253.0,368052630.0,37.82059,-122.470123,11.129186,0.978806,0.204791,60.0,42.0,10.0,0.418286,300.0,7.0,10.0
1626628254.0,368052630.0,37.8206,-122.470059,11.147971,0.978972,0.203996,60.0,42.0,10.0,0.414735,300.0,7.0,10.0
1626628255.0,368052630.0,37.820611,-122.469995,11.166156,0.97913,0.203237,60.0,42.0,10.0,0.411179,300.0,7.0,10.0
1626628256.0,368052630.0,37.820621,-122.469931,11.18374,0.97928,0.202513,60.0,42.0,10.0,0.407616,300.0,7.0,10.0
1626628257.0,368052630.0,37.820632,-122.469867,11.200722,0.979422,0.201824,60.0,42.0,10.0,0.404048,300.0,7.0,10.0
1626628258.0,368052630.0,37.820642,-122.469803,11.217101,0.979556,0.20117,60.0,42.0,10.0,0.400474,300.0,7.0,10.0
1626628259.0,368052630.0,37.820653,-122.469739,11.232877,0.979684,0.20055,60.0,42.0,10.0,0.396894,300.0,7.0,10.0
1626628260.0,368052630.0,37.820663,-122.469674,11.248049,0.979803,0.199964,60.0,42.0,10.0,0.39331,300.0,7.0,10.0
1626628261.0,368052630.0,37.820673,-122.46961,11.262615,0.979916,0.199413,60.0,42.0,10.0,0.389721,300.0,7.0,10.0
1626628262.0,368052630.0,37.820684,-122.469545,11.276576,0.980021,0.198895,60.0,42.0,10.0,0.386126,300.0,7.0,10.0
1626628263.0,368052630.0,37.820694,-122.46948,11.289931,0.980119,0.198411,60.0,42.0,10.0,0.382528,300.0,7.0,10.0
1626628264.0,368052630.0,37.820705,-122.469415,11.302679,0.98021,0.197961,60.0,42.0,10.0,0.378924,300.0,7.0,10.0
1626628265.0,368052630.0,37.820715,-122.469351,11.31482,0.980294,0.197544,60.0,42.0,10.0,0.375317,300.0,7.0,10.0
1626628266.0,368052630.0,37.820725,-122.469286,11.326353,0.980371,0.19716,60.0,42.0,10.0,0.371706,300.0,7.0,10.0
1626628267.0,368052630.0,37.820736,-122.469221,11.337278,0.980442,0.196809,60.0,42.0,10.0,0.368091,300.0,7.0,10.0
1626628268.0,368052630.0,37.820746,-122.469156,11.347594,0.980506,0.19649,60.0,42.0,10.0,0.364473,300.0,7.0,10.0
1626628269.0,368052630.0,37.820756,-122.46909,11.357301,0.980563,0.196205,60.0,42.0,10.0,0.360851,300.0,7.0,10.0
1626628270.0,368052630.0,37.820767,-122.469025,11.366399,0.980614,0.195951,60.0,42.0,10.0,0.357226,300.0,7.0,10.0
1626628271.0,368052630.0,37.820777,-122.46896,11.374888,0.980658,0.195731,60.0,42.0,10.0,0.353598,300.0,7.0,10.0
1626628272.0,368052630.0,37.820787,-122.468895,11.382766,0.980695,0.195542,60.0,42.0,10.0,0.349967,300.0,7.0,10.0
1626628273.0,368052630.0,37.820797,-122.468829,11.390035,0.980726,0.195386,60.0,42.0,10.0,0.346334,300.0,7.0,10.0
1626628274.0,368052630.0,37.820808,-122.468764,11.396693,0.980751,0.195262,60.0,42.0,10.0,0.342699,300.0,7.0,10.0
1626628275.0,368052630.0,37.820818,-122.468698,11.402741,0.980769,0.19517,60.0,42.0,10.0,0.339061,300.0,7.0,10.0
1626628276.0,368052630.0,37.820828,-122.468633,11.408179,0.980781,0.195111,60.0,42.0,10.0,0.335421,300.0,7.0,10.0
1626628277.0,368052630.0,37.820839,-122.468567,11.413006,0.980787,0.195083,60.0,42.0,10.0,0.33178,300.0,7.0,10.0
1626628278.0,368052630.0,37.820849,-122.468502,11.417222,0.980786,0.195087,60.0,42.0,10.0,0.328137,300.0,7.0,10.0
1626628279.0,368052630.0,37.820859,-122.468436,11.420828,0.980779,0.195123,60.0,42.0,10.0,0.324493,300.0,7.0,10.0
1626628280.0,368052630.0,37.82087,-122.46837,11.423824,0.980765,0.19519,60.0,42.0,10.0,0.320848,300.0,7.0,10.0
1626628281.0,368052630.0,37.82088,-122.468305,11.426209,0.980746,0.19529,60.0,42.0,10.0,0.317202,300.0,7.0,10.0
1626628282.0,368052630.0,37.82089,-122.468239,11.427983,0.980719,0.195421,60.0,42.0,10.0,0.313555,300.0,7.0,10.0
1626628283.0,368052630.0,37.820901,-122.468174,11.429148,0.980687,0.195585,60.0,42.0,10.0,0.309908,300.0,7.0,10.0
1626628284.0,368052630.0,37.820911,-122.468108,11.429702,0.980648,0.19578,60.0,42.0,10.0,0.30626,300.0,7.0,10.0
1626628285.0,368052630.0,37.820921,-122.468042,11.429647,0.980603,0.196007,60.0,42.0,10.0,0.302612,300.0,7.0,10.0
1626628286.0,368052630.0,37.820932,-122.467977,11.428982,0.980551,0.196266,60.0,42.0,10.0,0.298964,300.0,7.0,10.0
1626628287.0,368052630.0,37.820942,-122.467911,11.427708,0.980492,0.196557,60.0,42.0,10.0,0.295317,300.0,7.0,10.0
1626628288.0,368052630.0,37.820952,-122.467845,11.425825,0.980428,0.196879,60.0,42.0,10.0,0.29167,300.0,7.0,10.0
1626628289.0,368052630.0,37.820963,-122.46778,11.423333,0.980356,0.197234,60.0,42.0,10.0,0.288024,300.0,7.0,10.0
1626628290.0,368052630.0,37.820973,-122.467714,11.420234,0.980278,0.197621,60.0,42.0,10.0,0.284378,300.0,7.0,10.0
1626628291.0,368052630.0,37.820984,-122.467649,11.416526,0.980194,0.198041,60.0,42.0,10.0,0.280734,300.0,7.0,10.0
1626628292.0,368052630.0,37.820994,-122.467583,11.412212,0.980102,0.198492,60.0,42.0,10.0,0.277091,300.0,7.0,10.0
1626628293.0,368052630.0,37.821005,-122.467518,11.407291,0.980004,0.198976,60.0,42.0,10.0,0.27345,300.0,7.0,10.0
1626628294.0,368052630.0,37.821015,-122.467452,11.401764,0.979899,0.199493,60.0,42.0,10.0,0.26981,300.0,7.0,10.0
1626628295.0,368052630.0,37.821026,-122.467387,11.395631,0.979787,0.200042,60.0,42.0,10.0,0.266172,300.0,7.0,10.0
1626628296.0,368052630.0,37.821036,-122.467321,11.388893,0.979668,0.200624,60.0,42.0,10.0,0.262537,300.0,7.0,10.0
1626628297.0,368052630.0,37.821047,-122.467256,11.381551,0.979542,0.201239,60.0,42.0,10.0,0.258903,300.0,7.0,10.0
1626628298.0,368052630.0,37.821057,-122.467191,11.373606,0.979409,0.201887,60.0,42.0,10.0,0.255272,300.0,7.0,10.0
1626628299.0,368052630.0,37.821068,-122.467125,11.365058,0.979268,0.202568,60.0,42.0,10.0,0.251644,300.0,7.0,10.0
1626628300.0,368052630.0,37.821079,-122.46706,11.355908,0.97912,0.203282,60.0,42.0,10.0,0.248019,300.0,7.0,10.0
1626628301.0,368052630.0,37.821089,-122.466995,11.346157,0.978965,0.20403,60.0,42.0,10.0,0.244396,300.0,7.0,10.0
1626628302.0,368052630.0,37.8211,-122.46693,11.335935,0.978802,0.204807,60.0,42.0,10.0,0.240777,300.0,7.0,10.0
1626628303.0,368052630.0,37.821111,-122.466865,11.325764,0.978637,0.205596,60.0,42.0,10.0,0.237162,300.0,7.0,10.0
1626628304.0,368052630.0,37.821122,-122.4668,11.315771,0.978469,0.206392,60.0,42.0,10.0,0.23355,300.0,7.0,10.0
1626628305.0,368052630.0,37.821132,-122.466735,11.305959,0.9783,0.207195,60.0,42.0,10.0,0.229941,300.0,7.0,10.0
1626628306.0,368052630.0,37.821143,-122.46667,11.296327,0.978128,0.208005,60.0,42.0,10.0,0.226336,300.0,7.0,10.0
1626628307.0,368052630.0,37.821154,-122.466606,11.286875,0.977954,0.208822,60.0,42.0,10.0,0.222734,300.0,7.0,10.0
1626628308.0,368052630.0,37.821165,-122.466541,11.277603,0.977777,0.209645,60.0,42.0,10.0,0.219135,300.0,7.0,10.0
1626628309.0,368052630.0,37.821176,-122.466477,11.268512,0.977599,0.210476,60.0,42.0,10.0,0.215539,300.0,7.0,10.0
1626628310.0,368052630.0,37.821187,-122.466412,11.259602,0.977418,0.211314,60.0,42.0,10.0,0.211947,300.0,7.0,10.0
1626628311.0,368052630.0,37.821198,-122.466348,11.250873,0.977235,0.212158,60.0,42.0,10.0,0.208357,300.0,7.0,10.0
1626628312.0,368052630.0,37.821209,-122.466283,11.242325,0.97705,0.21301,60.0,42.0,10.0,0.204771,300.0,7.0,10.0
1626628313.0,368052630.0,37.82122,-122.466219,11.233959,0.976863,0.213868,60.0,42.0,10.0,0.201188,300.0,7.0,10.0
1626628314.0,368052630.0,37.821231,-122.466155,11.225774,0.976673,0.214733,60.0,42.0,10.0,0.197607,300.0,7.0,10.0
1626628315.0,368052630.0,37.821242,-122.46609,11.217771,0.976481,0.215604,60.0,42.0,10.0,0.194029,300.0,7.0,10.0
1626628316.0,368052630.0,37.821253,-122.466026,11.209949,0.976286,0.216483,60.0,42.0,10.0,0.190454,300.0,7.0,10.0
1626628317.0,368052630.0,37.821265,-122.465962,11.20231,0.97609,0.217368,60.0,42.0,10.0,0.186882,300.0,7.0,10.0
1626628318.0,368052630.0,37.821276,-122.465898,11.194854,0.975891,0.21826,60.0,42.0,10.0,0.183312,300.0,7.0,10.0
1626628319.0,368052630.0,37.821287,-122.465834,11.187579,0.975689,0.219158,60.0,42.0,10.0,0.179745,300.0,7.0,10.0
1626628320.0,368052630.0,37.821299,-122.46577,11.180488,0.975486,0.220063,60.0,42.0,10.0,0.176181,300.0,7.0,10.0
1626628321.0,368052630.0,37.82131,-122.465706,11.173579,0.97528,0.220975,60.0,42.0,10.0,0.172619,300.0,7.0,10.0
1626628322.0,368052630.0,37.821321,-122.465642,11.166854,0.975071,0.221893,60.0,42.0,10.0,0.169059,300.0,7.0,10.0
1626628323.0,368052630.0,37.821333,-122.465579,11.160312,0.97486,0.222817,60.0,42.0,10.0,0.165502,300.0,7.0,10.0
1626628324.0,368052630.0,37.821344,-122.465515,11.153953,0.974647,0.223748,60.0,42.0,10.0,0.161948,300.0,7.0,10.0
1626628325.0,368052630.0,37.821356,-122.465451,11.147779,0.974431,0.224686,60.0,42.0,10.0,0.158395,300.0,7.0,10.0
1626628326.0,368052630.0,37.821367,-122.465388,11.141788,0.974213,0.225629,60.0,42.0,10.0,0.154845,300.0,7.0,10.0
1626628327.0,368052630.0,37.821379,-122.465324,11.135981,0.973993,0.226579,60.0,42.0,10.0,0.151297,300.0,7.0,10.0
1626628328.0,368052630.0,37.821391,-122.465261,11.130359,0.97377,0.227536,60.0,42.0,10.0,0.147751,300.0,7.0,10.0
1626628329.0,368052630.0,37.821403,-122.465197,11.124921,0.973544,0.228498,60.0,42.0,10.0,0.144207,300.0,7.0,10.0
1626628330.0,368052630.0,37.821414,-122.465134,11.119668,0.973316,0.229467,60.0,42.0,10.0,0.140665,300.0,7.0,10.0
1626628331.0,368052630.0,37.821426,-122.46507,11.114599,0.973086,0.230442,60.0,42.0,10.0,0.137125,300.0,7.0,10.0
1626628332.0,368052630.0,37.821438,-122.465007,11.109716,0.972853,0.231423,60.0,42.0,10.0,0.133587,300.0,7.0,10.0
1626628333.0,368052630.0,37.82145,-122.464944,11.105019,0.972618,0.23241,60.0,42.0,10.0,0.130051,300.0,7.0,10.0
1626628334.0,368052630.0,37.821462,-122.46488,11.100506,0.97238,0.233403,60.0,42.0,10.0,0.126517,300.0,7.0,10.0
1626628335.0,368052630.0,37.821474,-122.464817,11.09618,0.97214,0.234402,60.0,42.0,10.0,0.122984,300.0,7.0,10.0
1626628336.0,368052630.0,37.821486,-122.464754,11.09204,0.971897,0.235407,60.0,42.0,10.0,0.119453,300.0,7.0,10.0
1626628337.0,368052630.0,37.821498,-122.464691,11.088085,0.971651,0.236418,60.0,42.0,10.0,0.115924,300.0,7.0,10.0
1626628338.0,368052630.0,37.82151,-122.464628,11.084317,0.971404,0.237435,60.0,42.0,10.0,0.112396,300.0,7.0,10.0
1626628339.0,368052630.0,37.821522,-122.464565,11.080736,0.971153,0.238457,60.0,42.0,10.0,0.10887,300.0,7.0,10.0
1626628340.0,368052630.0,37.821534,-122.464502,11.077341,0.9709,0.239485,60.0,42.0,10.0,0.105345,300.0,7.0,10.0
1626628341.0,368052630.0,37.821547,-122.464439,11.074134,0.970644,0.240519,60.0,42.0,10.0,0.101821,300.0,7.0,10.0
1626628342.0,368052630.0,37.821559,-122.464376,11.071113,0.970386,0.241558,60.0,42.0,10.0,0.098299,300.0,7.0,10.0
1626628343.0,368052630.0,37.821571,-122.464313,11.06828,0.970126,0.242603,60.0,42.0,10.0,0.094778,300.0,7.0,10.0
1626628344.0,368052630.0,37.821584,-122.46425,11.065635,0.969862,0.243654,60.0,42.0,10.0,0.091259,300.0,7.0,10.0
1626628345.0,368052630.0,37.821596,-122.464187,11.063177,0.969596,0.24471,60.0,42.0,10.0,0.08774,300.0,7.0,10.0
1626628346.0,368052630.0,37.821609,-122.464124,11.060908,0.969328,0.245771,60.0,42.0,10.0,0.084223,300.0,7.0,10.0
1626628347.0,368052630.0,37.821621,-122.464061,11.058826,0.969057,0.246838,60.0,42.0,10.0,0.080706,300.0,7.0,10.0
1626628348.0,368052630.0,37.821634,-122.463999,11.056933,0.968783,0.24791,60.0,42.0,10.0,0.077191,300.0,7.0,10.0
1626628349.0,368052630.0,37.821647,-122.463936,11.055229,0.968507,0.248987,60.0,42.0,10.0,0.073677,300.0,7.0,10.0
1626628350.0,368052630.0,37.821659,-122.463873,11.053713,0.968228,0.25007,60.0,42.0,10.0,0.070163,300.0,7.0,10.0
1626628351.0,368052630.0,37.821672,-122.46381,11.052387,0.967946,0.251157,60.0,42.0,10.0,0.066651,300.0,7.0,10.0
1626628352.0,368052630.0,37.821685,-122.463748,11.051249,0.967662,0.25225,60.0,42.0,10.0,0.063139,300.0,7.0,10.0
1626628353.0,368052630.0,37.821698,-122.463685,11.050301,0.967375,0.253348,60.0,42.0,10.0,0.059628,300.0,7.0,10.0
1626628354.0,368052630.0,37.821711,-122.463623,11.049543,0.967086,0.25445,60.0,42.0,10.0,0.056117,300.0,7.0,10.0
1626628355.0,368052630.0,37.821724,-122.46356,11.048975,0.966794,0.255558,60.0,42.0,10.0,0.052607,300.0,7.0,10.0
1626628356.0,368052630.0,37.821737,-122.463497,11.048596,0.966499,0.25667,60.0,42.0,10.0,0.049098,300.0,7.0,10.0
1626628357.0,368052630.0,37.82175,-122.463435,11.048408,0.966202,0.257787,60.0,42.0,10.0,0.045589,300.0,7.0,10.0
1626628358.0,368052630.0,37.821763,-122.463372,11.04841,0.965902,0.258909,60.0,42.0,10.0,0.042081,300.0,7.0,10.0
1626628359.0,368052630.0,37.821776,-122.46331,11.048603,0.965599,0.260035,60.0,42.0,10.0,0.038573,300.0,7.0,10.0
1626628360.0,368052630.0,37.82179,-122.463247,11.048987,0.965294,0.261166,60.0,42.0,10.0,0.035065,300.0,7.0,10.0
1626628361.0,368052630.0,37.821803,-122.463185,11.049562,0.964986,0.262301,60.0,42.0,10.0,0.031558,300.0,7.0,10.0
1626628362.0,368052630.0,37.821817,-122.463122,11.050327,0.964675,0.263441,60.0,42.0,10.0,0.028051,300.0,7.0,10.0
1626628363.0,368052630.0,37.82183,-122.46306,11.051223,0.964364,0.26458,60.0,42.0,10.0,0.024544,300.0,7.0,10.0
1626628364.0,368052630.0,37.821844,-122.462998,11.052002,0.964058,0.265693,60.0,42.0,10.0,0.021037,300.0,7.0,10.0
1626628365.0,368052630.0,37.821857,-122.462935,11.0526,0.963759,0.266775,60.0,42.0,10.0,0.01753,300.0,7.0,10.0
1626628366.0,368052630.0,37.821871,-122.462873,11.053017,0.963467,0.267826,60.0,42.0,10.0,0.014023,300.0,7.0,10.0
1626628367.0,368052630.0,37.821884,-122.46281,11.053252,0.963183,0.268846,60.0,42.0,10.0,0.010517,300.0,7.0,10.0
1626628368.0,368052630.0,37.821898,-122.462748,11.053303,0.962906,0.269836,60.0,42.0,10.0,0.007011,300.0,7.0,10.0
1626628369.0,368052630.0,37.821912,-122.462686,11.05317,0.962637,0.270795,60.0,42.0,10.0,0.003505,300.0,7.0,10.0
1626628370.0,368052630.0,37.821926,-122.462623,11.05317,0.962637,0.270795,60.0,42.0,10.0,0.0,300.0,7.0,10.0
