Timestamp,MMSI,Latitude,Longitude,Speed,Course-sin,Course-cos,Length,Width,Vesseltype,Distance,Timestamp,MMSI,Latitude,Longitude,Speed,Course-sin,Course-cos,Length,Width,Vesseltype,Distance,Timestamp,MMSI,Latitude,Longitude,Speed,Course-sin,Course-cos,Length,Width,Vesseltype,Distance,Timestamp,MMSI,Latitude,Longitude,Speed,Course-sin,Course-cos,Length,Width,Vesseltype,Distance,Timestamp,MMSI,Latitude,Longitude,Speed,Course-sin,Course-cos,Length,Width,Vesseltype,Distance,WindDirection,WindSpeed,Visibility
1630682436.0,338331274.0,37.807613,-122.44061,4.138955,-0.983816,-0.179182,36.0,12.0,4.0,1.0,1630682436.0,366864850.0,37.82613,-122.447049,9.810761,-0.89262,0.45081,60.0,19.0,10.0,1.0,1630682436.0,366981360.0,37.817253,-122.471445,10.500834,-0.994758,0.102261,60.0,21.0,7.0,1.0,1630682436.0,367587050.0,37.847153,-122.469244,7.02076,0.256542,-0.966533,37.0,16.0,0.0,1.0,1630682436.0,368084240.0,37.827699,-122.464556,11.316479,-0.902532,-0.430623,52.0,34.0,10.0,1.0,0.0,0.0,9.0
1630682437.0,338331274.0,37.807609,-122.440634,4.126094,-0.983863,-0.178926,36.0,12.0,4.0,0.995042,1630682437.0,366864850.0,37.82615,-122.4471,9.80204,-0.892315,0.451413,60.0,19.0,10.0,0.996068,1630682437.0,366981360.0,37.817258,-122.471506,10.498156,-0.994937,0.100502,60.0,21.0,7.0,0.989321,1630682437.0,367587050.0,37.847122,-122.469234,7.024683,0.255018,-0.966936,37.0,16.0,0.0,0.995726,1630682437.0,368084240.0,37.827677,-122.464616,11.318998,-0.901795,-0.432165,52.0,34.0,10.0,0.995851,0.0,0.0,9.0
1630682438.0,338331274.0,37.807606,-122.440658,4.113336,-0.983907,-0.178679,36.0,12.0,4.0,0.9901,1630682438.0,366864850.0,37.82617,-122.447151,9.793695,-0.892011,0.452013,60.0,19.0,10.0,0.99214,1630682438.0,366981360.0,37.817263,-122.471567,10.495561,-0.995119,0.098681,60.0,21.0,7.0,0.978651,1630682438.0,367587050.0,37.84709,-122.469223,7.028596,0.253522,-0.96733,37.0,16.0,0.0,0.991451,1630682438.0,368084240.0,37.827654,-122.464675,11.321589,-0.901069,-0.433675,52.0,34.0,10.0,0.991703,0.0,0.0,9.0
1630682439.0,338331274.0,37.807602,-122.440682,4.100679,-0.98395,-0.178443,36.0,12.0,4.0,0.985173,1630682439.0,366864850.0,37.826191,-122.447202,9.785864,-0.89171,0.452606,60.0,19.0,10.0,0.988215,1630682439.0,366981360.0,37.817268,-122.471628,10.493052,-0.995304,0.096798,60.0,21.0,7.0,0.967992,1630682439.0,367587050.0,37.847059,-122.469213,7.032499,0.252055,-0.967713,37.0,16.0,0.0,0.987174,1630682439.0,368084240.0,37.827631,-122.464735,11.324253,-0.900356,-0.435155,52.0,34.0,10.0,0.987555,0.0,0.0,9.0
1630682440.0,338331274.0,37.807599,-122.440705,4.088124,-0.983991,-0.178217,36.0,12.0,4.0,0.980261,1630682440.0,366864850.0,37.826211,-122.447254,9.778547,-0.891412,0.453193,60.0,19.0,10.0,0.984294,1630682440.0,366981360.0,37.817272,-122.47169,10.490634,-0.995491,0.094853,60.0,21.0,7.0,0.957343,1630682440.0,367587050.0,37.847027,-122.469202,7.036391,0.250615,-0.968087,37.0,16.0,0.0,0.982896,1630682440.0,368084240.0,37.827609,-122.464795,11.326986,-0.899654,-0.436604,52.0,34.0,10.0,0.983406,0.0,0.0,9.0
1630682441.0,338331274.0,37.807596,-122.440729,4.075671,-0.98403,-0.178,36.0,12.0,4.0,0.975365,1630682441.0,366864850.0,37.826232,-122.447305,9.771745,-0.891117,0.453774,60.0,19.0,10.0,0.980377,1630682441.0,366981360.0,37.817277,-122.471751,10.488311,-0.99568,0.092846,60.0,21.0,7.0,0.946705,1630682441.0,367587050.0,37.846996,-122.469192,7.04027,0.249204,-0.968451,37.0,16.0,0.0,0.978616,1630682441.0,368084240.0,37.827586,-122.464854,11.329788,-0.898964,-0.438023,52.0,34.0,10.0,0.979258,0.0,0.0,9.0
1630682442.0,338331274.0,37.807592,-122.440752,4.06332,-0.984068,-0.177794,36.0,12.0,4.0,0.970484,1630682442.0,366864850.0,37.826252,-122.447356,9.765456,-0.890825,0.454347,60.0,19.0,10.0,0.976462,1630682442.0,366981360.0,37.817281,-122.471812,10.486085,-0.995871,0.090777,60.0,21.0,7.0,0.936079,1630682442.0,367587050.0,37.846964,-122.469182,7.044136,0.24782,-0.968806,37.0,16.0,0.0,0.974335,1630682442.0,368084240.0,37.827563,-122.464914,11.332656,-0.898286,-0.439411,52.0,34.0,10.0,0.97511,0.0,0.0,9.0
1630682443.0,338331274.0,37.807589,-122.440776,4.05107,-0.984103,-0.177598,36.0,12.0,4.0,0.965618,1630682443.0,366864850.0,37.826273,-122.447407,9.759682,-0.890535,0.454914,60.0,19.0,10.0,0.97255,1630682443.0,366981360.0,37.817286,-122.471873,10.483962,-0.996063,0.088646,60.0,21.0,7.0,0.925463,1630682443.0,367587050.0,37.846933,-122.469171,7.047988,0.246464,-0.969152,37.0,16.0,0.0,0.970052,1630682443.0,368084240.0,37.82754,-122.464974,11.335589,-0.897621,-0.440769,52.0,34.0,10.0,0.970961,0.0,0.0,9.0
1630682444.0,338331274.0,37.807586,-122.440799,4.038923,-0.984137,-0.177413,36.0,12.0,4.0,0.960767,1630682444.0,366864850.0,37.826294,-122.447457,9.754421,-0.890249,0.455474,60.0,19.0,10.0,0.968641,1630682444.0,366981360.0,37.81729,-122.471934,10.481945,-0.996256,0.086453,60.0,21.0,7.0,0.914859,1630682444.0,367587050.0,37.846901,-122.469161,7.051825,0.245137,-0.969488,37.0,16.0,0.0,0.965767,1630682444.0,368084240.0,37.827517,-122.465033,11.338585,-0.896968,-0.442096,52.0,34.0,10.0,0.966813,0.0,0.0,9.0
1630682445.0,338331274.0,37.807582,-122.440822,4.026877,-0.984168,-0.177238,36.0,12.0,4.0,0.955931,1630682445.0,366864850.0,37.826314,-122.447508,9.749673,-0.889966,0.456027,60.0,19.0,10.0,0.964735,1630682445.0,366981360.0,37.817294,-122.471995,10.480038,-0.996449,0.084198,60.0,21.0,7.0,0.904268,1630682445.0,367587050.0,37.846869,-122.469151,7.055646,0.243837,-0.969816,37.0,16.0,0.0,0.961482,1630682445.0,368084240.0,37.827493,-122.465093,11.341642,-0.896327,-0.443393,52.0,34.0,10.0,0.962664,0.0,0.0,9.0
1630682446.0,338331274.0,37.807579,-122.440846,4.014932,-0.984198,-0.177073,36.0,12.0,4.0,0.95111,1630682446.0,366864850.0,37.826335,-122.447559,9.745439,-0.889686,0.456573,60.0,19.0,10.0,0.96083,1630682446.0,366981360.0,37.817298,-122.472057,10.478247,-0.996642,0.08188,60.0,21.0,7.0,0.893689,1630682446.0,367587050.0,37.846838,-122.469141,7.059451,0.242565,-0.970135,37.0,16.0,0.0,0.957194,1630682446.0,368084240.0,37.82747,-122.465152,11.34476,-0.895699,-0.44466,52.0,34.0,10.0,0.958515,0.0,0.0,9.0
1630682447.0,338331274.0,37.807576,-122.440869,4.00309,-0.984225,-0.17692,36.0,12.0,4.0,0.946303,1630682447.0,366864850.0,37.826355,-122.44761,9.741719,-0.88941,0.457111,60.0,19.0,10.0,0.956928,1630682447.0,366981360.0,37.817302,-122.472118,10.476574,-0.996835,0.0795,60.0,21.0,7.0,0.883124,1630682447.0,367587050.0,37.846806,-122.469131,7.063238,0.241322,-0.970445,37.0,16.0,0.0,0.952905,1630682447.0,368084240.0,37.827447,-122.465212,11.347935,-0.895084,-0.445897,52.0,34.0,10.0,0.954366,0.0,0.0,9.0
1630682448.0,338331274.0,37.807572,-122.440892,3.991349,-0.984251,-0.176777,36.0,12.0,4.0,0.94151,1630682448.0,366864850.0,37.826376,-122.447661,9.738511,-0.889136,0.457643,60.0,19.0,10.0,0.953027,1630682448.0,366981360.0,37.817306,-122.472179,10.475026,-0.997027,0.077059,60.0,21.0,7.0,0.872572,1630682448.0,367587050.0,37.846774,-122.469121,7.067008,0.240106,-0.970747,37.0,16.0,0.0,0.948615,1630682448.0,368084240.0,37.827423,-122.465271,11.351168,-0.894482,-0.447104,52.0,34.0,10.0,0.950216,0.0,0.0,9.0
1630682449.0,338331274.0,37.807569,-122.440915,3.979709,-0.984275,-0.176645,36.0,12.0,4.0,0.936732,1630682449.0,366864850.0,37.826396,-122.447711,9.735816,-0.888866,0.458167,60.0,19.0,10.0,0.949128,1630682449.0,366981360.0,37.81731,-122.47224,10.473642,-0.997216,0.074573,60.0,21.0,7.0,0.862034,1630682449.0,367587050.0,37.846743,-122.469111,7.070758,0.238918,-0.97104,37.0,16.0,0.0,0.944323,1630682449.0,368084240.0,37.8274,-122.465331,11.354455,-0.893893,-0.448281,52.0,34.0,10.0,0.946066,0.0,0.0,9.0
1630682450.0,338331274.0,37.807566,-122.440938,3.968172,-0.984296,-0.176524,36.0,12.0,4.0,0.931968,1630682450.0,366864850.0,37.826417,-122.447762,9.733634,-0.8886,0.458683,60.0,19.0,10.0,0.945231,1630682450.0,366981360.0,37.817314,-122.472301,10.472561,-0.997396,0.072114,60.0,21.0,7.0,0.851511,1630682450.0,367587050.0,37.846711,-122.469101,7.074489,0.237757,-0.971325,37.0,16.0,0.0,0.94003,1630682450.0,368084240.0,37.827376,-122.46539,11.357797,-0.893317,-0.449428,52.0,34.0,10.0,0.941916,0.0,0.0,9.0
1630682451.0,338331274.0,37.807563,-122.440961,3.956736,-0.984316,-0.176415,36.0,12.0,4.0,0.927218,1630682451.0,366864850.0,37.826438,-122.447813,9.731965,-0.888337,0.459192,60.0,19.0,10.0,0.941334,1630682451.0,366981360.0,37.817317,-122.472362,10.471816,-0.997568,0.0697,60.0,21.0,7.0,0.841003,1630682451.0,367587050.0,37.846679,-122.469091,7.0782,0.236625,-0.971601,37.0,16.0,0.0,0.935735,1630682451.0,368084240.0,37.827353,-122.46545,11.361191,-0.892754,-0.450545,52.0,34.0,10.0,0.937766,0.0,0.0,9.0
1630682452.0,338331274.0,37.807559,-122.440983,3.945401,-0.984334,-0.176316,36.0,12.0,4.0,0.922483,1630682452.0,366864850.0,37.826458,-122.447863,9.730808,-0.888078,0.459694,60.0,19.0,10.0,0.937439,1630682452.0,366981360.0,37.81732,-122.472424,10.471402,-0.997731,0.067332,60.0,21.0,7.0,0.830509,1630682452.0,367587050.0,37.846647,-122.469082,7.081889,0.23552,-0.97187,37.0,16.0,0.0,0.931438,1630682452.0,368084240.0,37.827329,-122.465509,11.364636,-0.892204,-0.451632,52.0,34.0,10.0,0.933615,0.0,0.0,9.0
1630682453.0,338331274.0,37.807556,-122.441006,3.934168,-0.984349,-0.176229,36.0,12.0,4.0,0.917761,1630682453.0,366864850.0,37.826479,-122.447914,9.730164,-0.887822,0.460187,60.0,19.0,10.0,0.933544,1630682453.0,366981360.0,37.817324,-122.472485,10.471317,-0.997885,0.06501,60.0,21.0,7.0,0.820031,1630682453.0,367587050.0,37.846615,-122.469072,7.085557,0.234443,-0.97213,37.0,16.0,0.0,0.92714,1630682453.0,368084240.0,37.827305,-122.465569,11.368131,-0.891668,-0.452689,52.0,34.0,10.0,0.929464,0.0,0.0,9.0
1630682454.0,338331274.0,37.807553,-122.441029,3.923037,-0.984363,-0.176154,36.0,12.0,4.0,0.913052,1630682454.0,366864850.0,37.8265,-122.447965,9.730032,-0.88757,0.460673,60.0,19.0,10.0,0.92965,1630682454.0,366981360.0,37.817327,-122.472546,10.471557,-0.99803,0.062734,60.0,21.0,7.0,0.809569,1630682454.0,367587050.0,37.846583,-122.469062,7.089203,0.233393,-0.972382,37.0,16.0,0.0,0.922841,1630682454.0,368084240.0,37.827282,-122.465628,11.371674,-0.891146,-0.453717,52.0,34.0,10.0,0.925312,0.0,0.0,9.0
1630682455.0,338331274.0,37.80755,-122.441051,3.912007,-0.984374,-0.17609,36.0,12.0,4.0,0.908358,1630682455.0,366864850.0,37.826521,-122.448015,9.730412,-0.887321,0.461151,60.0,19.0,10.0,0.925757,1630682455.0,366981360.0,37.81733,-122.472607,10.472118,-0.998168,0.060504,60.0,21.0,7.0,0.799122,1630682455.0,367587050.0,37.846552,-122.469052,7.092825,0.232372,-0.972627,37.0,16.0,0.0,0.91854,1630682455.0,368084240.0,37.827258,-122.465687,11.375264,-0.890637,-0.454715,52.0,34.0,10.0,0.92116,0.0,0.0,9.0
1630682456.0,338331274.0,37.807547,-122.441074,3.901078,-0.984383,-0.176037,36.0,12.0,4.0,0.903676,1630682456.0,366864850.0,37.826541,-122.448066,9.731304,-0.887077,0.461622,60.0,19.0,10.0,0.921863,1630682456.0,366981360.0,37.817333,-122.472668,10.472998,-0.998298,0.05832,60.0,21.0,7.0,0.788691,1630682456.0,367587050.0,37.84652,-122.469043,7.096424,0.231378,-0.972864,37.0,16.0,0.0,0.914238,1630682456.0,368084240.0,37.827234,-122.465747,11.378901,-0.890142,-0.455684,52.0,34.0,10.0,0.917007,0.0,0.0,9.0
1630682457.0,338331274.0,37.807543,-122.441096,3.890251,-0.984391,-0.175997,36.0,12.0,4.0,0.899009,1630682457.0,366864850.0,37.826562,-122.448116,9.732708,-0.886836,0.462084,60.0,19.0,10.0,0.91797,1630682457.0,366981360.0,37.817336,-122.47273,10.474193,-0.99842,0.056183,60.0,21.0,7.0,0.778277,1630682457.0,367587050.0,37.846488,-122.469033,7.099998,0.230411,-0.973093,37.0,16.0,0.0,0.909934,1630682457.0,368084240.0,37.82721,-122.465806,11.382582,-0.88966,-0.456623,52.0,34.0,10.0,0.912854,0.0,0.0,9.0
1630682458.0,338331274.0,37.80754,-122.441119,3.879526,-0.984396,-0.175968,36.0,12.0,4.0,0.894354,1630682458.0,366864850.0,37.826583,-122.448167,9.734623,-0.886599,0.462538,60.0,19.0,10.0,0.914076,1630682458.0,366981360.0,37.817338,-122.472791,10.475701,-0.998536,0.054093,60.0,21.0,7.0,0.767879,1630682458.0,367587050.0,37.846456,-122.469023,7.103548,0.229472,-0.973315,37.0,16.0,0.0,0.905628,1630682458.0,368084240.0,37.827186,-122.465865,11.386307,-0.889193,-0.457533,52.0,34.0,10.0,0.9087,0.0,0.0,9.0
1630682459.0,338331274.0,37.807537,-122.441141,3.868902,-0.984399,-0.175951,36.0,12.0,4.0,0.889713,1630682459.0,366864850.0,37.826604,-122.448217,9.73705,-0.886366,0.462985,60.0,19.0,10.0,0.910181,1630682459.0,366981360.0,37.817341,-122.472852,10.477517,-0.998644,0.05205,60.0,21.0,7.0,0.757498,1630682459.0,367587050.0,37.846424,-122.469014,7.107073,0.228561,-0.97353,37.0,16.0,0.0,0.901321,1630682459.0,368084240.0,37.827162,-122.465925,11.390074,-0.888739,-0.458413,52.0,34.0,10.0,0.904546,0.0,0.0,9.0
1630682460.0,338331274.0,37.807534,-122.441164,3.85838,-0.9844,-0.175947,36.0,12.0,4.0,0.885084,1630682460.0,366864850.0,37.826625,-122.448268,9.739988,-0.886137,0.463423,60.0,19.0,10.0,0.906286,1630682460.0,366981360.0,37.817344,-122.472913,10.479639,-0.998747,0.050054,60.0,21.0,7.0,0.747135,1630682460.0,367587050.0,37.846392,-122.469004,7.110571,0.227677,-0.973737,37.0,16.0,0.0,0.897013,1630682460.0,368084240.0,37.827137,-122.465984,11.393882,-0.8883,-0.459265,52.0,34.0,10.0,0.900391,0.0,0.0,9.0
1630682461.0,338331274.0,37.807531,-122.441186,3.847959,-0.984398,-0.175954,36.0,12.0,4.0,0.880469,1630682461.0,366864850.0,37.826645,-122.448319,9.743438,-0.885912,0.463853,60.0,19.0,10.0,0.902391,1630682461.0,366981360.0,37.817346,-122.472975,10.482064,-0.998842,0.048105,60.0,21.0,7.0,0.73679,1630682461.0,367587050.0,37.84636,-122.468995,7.114043,0.22682,-0.973937,37.0,16.0,0.0,0.892703,1630682461.0,368084240.0,37.827113,-122.466043,11.397731,-0.887874,-0.460087,52.0,34.0,10.0,0.896235,0.0,0.0,9.0
1630682462.0,338331274.0,37.807528,-122.441208,3.83764,-0.984395,-0.175974,36.0,12.0,4.0,0.875866,1630682462.0,366864850.0,37.826666,-122.448369,9.747399,-0.885691,0.464275,60.0,19.0,10.0,0.898494,1630682462.0,366981360.0,37.817348,-122.473036,10.484789,-0.998932,0.046204,60.0,21.0,7.0,0.726464,1630682462.0,367587050.0,37.846328,-122.468985,7.117488,0.225991,-0.974129,37.0,16.0,0.0,0.888392,1630682462.0,368084240.0,37.827089,-122.466103,11.401619,-0.887463,-0.460879,52.0,34.0,10.0,0.892078,0.0,0.0,9.0
1630682463.0,338331274.0,37.807525,-122.44123,3.827422,-0.984389,-0.176006,36.0,12.0,4.0,0.871276,1630682463.0,366864850.0,37.826687,-122.44842,9.751871,-0.885474,0.464688,60.0,19.0,10.0,0.894595,1630682463.0,366981360.0,37.817351,-122.473097,10.487812,-0.999016,0.044351,60.0,21.0,7.0,0.716156,1630682463.0,367587050.0,37.846296,-122.468976,7.120905,0.22519,-0.974315,37.0,16.0,0.0,0.884079,1630682463.0,368084240.0,37.827065,-122.466162,11.405546,-0.887066,-0.461643,52.0,34.0,10.0,0.887921,0.0,0.0,9.0
1630682464.0,338331274.0,37.807521,-122.441252,3.817306,-0.984381,-0.176051,36.0,12.0,4.0,0.866698,1630682464.0,366864850.0,37.826708,-122.44847,9.756854,-0.885262,0.465093,60.0,19.0,10.0,0.890695,1630682464.0,366981360.0,37.817353,-122.473159,10.491128,-0.999095,0.042546,60.0,21.0,7.0,0.705868,1630682464.0,367587050.0,37.846264,-122.468967,7.124294,0.224415,-0.974494,37.0,16.0,0.0,0.879765,1630682464.0,368084240.0,37.82704,-122.466221,11.40951,-0.886683,-0.462378,52.0,34.0,10.0,0.883763,0.0,0.0,9.0
1630682465.0,338331274.0,37.807518,-122.441274,3.807291,-0.984371,-0.176108,36.0,12.0,4.0,0.862133,1630682465.0,366864850.0,37.826729,-122.448521,9.762348,-0.885053,0.46549,60.0,19.0,10.0,0.886794,1630682465.0,366981360.0,37.817355,-122.47322,10.494737,-0.999168,0.040788,60.0,21.0,7.0,0.6956,1630682465.0,367587050.0,37.846231,-122.468957,7.127655,0.223668,-0.974665,37.0,16.0,0.0,0.875449,1630682465.0,368084240.0,37.827016,-122.46628,11.41351,-0.886315,-0.463083,52.0,34.0,10.0,0.879604,0.0,0.0,9.0
1630682466.0,338331274.0,37.807515,-122.441296,3.797378,-0.984358,-0.176178,36.0,12.0,4.0,0.85758,1630682466.0,366864850.0,37.82675,-122.448571,9.768352,-0.884849,0.465878,60.0,19.0,10.0,0.88289,1630682466.0,366981360.0,37.817357,-122.473281,10.498635,-0.999236,0.039078,60.0,21.0,7.0,0.685354,1630682466.0,367587050.0,37.846199,-122.468948,7.130986,0.222949,-0.97483,37.0,16.0,0.0,0.871132,1630682466.0,368084240.0,37.826991,-122.46634,11.417546,-0.885961,-0.46376,52.0,34.0,10.0,0.875444,0.0,0.0,9.0
1630682467.0,338331274.0,37.807512,-122.441318,3.787567,-0.984343,-0.176261,36.0,12.0,4.0,0.853039,1630682467.0,366864850.0,37.826771,-122.448622,9.774867,-0.884649,0.466258,60.0,19.0,10.0,0.878985,1630682467.0,366981360.0,37.817359,-122.473343,10.502819,-0.9993,0.037417,60.0,21.0,7.0,0.675129,1630682467.0,367587050.0,37.846167,-122.468939,7.134289,0.222256,-0.974988,37.0,16.0,0.0,0.866813,1630682467.0,368084240.0,37.826967,-122.466399,11.421617,-0.885621,-0.464408,52.0,34.0,10.0,0.871283,0.0,0.0,9.0
1630682468.0,338331274.0,37.807509,-122.44134,3.777857,-0.984326,-0.176357,36.0,12.0,4.0,0.848511,1630682468.0,366864850.0,37.826792,-122.448673,9.781893,-0.884453,0.466629,60.0,19.0,10.0,0.875077,1630682468.0,366981360.0,37.81736,-122.473404,10.507288,-0.999359,0.035803,60.0,21.0,7.0,0.664927,1630682468.0,367587050.0,37.846135,-122.468929,7.137561,0.221591,-0.97514,37.0,16.0,0.0,0.862493,1630682468.0,368084240.0,37.826942,-122.466458,11.425721,-0.885296,-0.465027,52.0,34.0,10.0,0.867121,0.0,0.0,9.0
1630682469.0,338331274.0,37.807506,-122.441362,3.768248,-0.984307,-0.176465,36.0,12.0,4.0,0.843994,1630682469.0,366864850.0,37.826814,-122.448723,9.789429,-0.884262,0.466992,60.0,19.0,10.0,0.871166,1630682469.0,366981360.0,37.817362,-122.473466,10.512038,-0.999414,0.034238,60.0,21.0,7.0,0.654748,1630682469.0,367587050.0,37.846103,-122.46892,7.140804,0.220953,-0.975284,37.0,16.0,0.0,0.858172,1630682469.0,368084240.0,37.826918,-122.466517,11.429859,-0.884986,-0.465617,52.0,34.0,10.0,0.862959,0.0,0.0,9.0
1630682470.0,338331274.0,37.807503,-122.441383,3.758741,-0.984285,-0.176587,36.0,12.0,4.0,0.839489,1630682470.0,366864850.0,37.826835,-122.448774,9.797475,-0.884074,0.467346,60.0,19.0,10.0,0.867253,1630682470.0,366981360.0,37.817364,-122.473527,10.517068,-0.999465,0.032721,60.0,21.0,7.0,0.644594,1630682470.0,367587050.0,37.84607,-122.468911,7.144015,0.220342,-0.975423,37.0,16.0,0.0,0.853848,1630682470.0,368084240.0,37.826893,-122.466577,11.43403,-0.88469,-0.466179,52.0,34.0,10.0,0.858795,0.0,0.0,9.0
1630682471.0,338331274.0,37.8075,-122.441405,3.749336,-0.984261,-0.176721,36.0,12.0,4.0,0.834995,1630682471.0,366864850.0,37.826856,-122.448825,9.806031,-0.883892,0.467692,60.0,19.0,10.0,0.863337,1630682471.0,366981360.0,37.817365,-122.473589,10.522374,-0.999512,0.031253,60.0,21.0,7.0,0.634466,1630682471.0,367587050.0,37.846038,-122.468902,7.147196,0.219758,-0.975554,37.0,16.0,0.0,0.849524,1630682471.0,368084240.0,37.826869,-122.466636,11.438232,-0.884409,-0.466712,52.0,34.0,10.0,0.85463,0.0,0.0,9.0
1630682472.0,338331274.0,37.807497,-122.441427,3.740032,-0.984234,-0.176869,36.0,12.0,4.0,0.830514,1630682472.0,366864850.0,37.826877,-122.448876,9.815097,-0.883713,0.468029,60.0,19.0,10.0,0.859417,1630682472.0,366981360.0,37.817367,-122.473651,10.527956,-0.999555,0.029833,60.0,21.0,7.0,0.624364,1630682472.0,367587050.0,37.846006,-122.468892,7.150345,0.219202,-0.97568,37.0,16.0,0.0,0.845198,1630682472.0,368084240.0,37.826844,-122.466695,11.442465,-0.884143,-0.467216,52.0,34.0,10.0,0.850465,0.0,0.0,9.0
1630682473.0,338331274.0,37.807494,-122.441448,3.73083,-0.984205,-0.17703,36.0,12.0,4.0,0.826043,1630682473.0,366864850.0,37.826898,-122.448926,9.824673,-0.883539,0.468357,60.0,19.0,10.0,0.855494,1630682473.0,366981360.0,37.817368,-122.473712,10.53381,-0.999595,0.028461,60.0,21.0,7.0,0.61429,1630682473.0,367587050.0,37.845974,-122.468883,7.153463,0.218672,-0.975798,37.0,16.0,0.0,0.840871,1630682473.0,368084240.0,37.826819,-122.466754,11.446729,-0.883891,-0.467692,52.0,34.0,10.0,0.846298,0.0,0.0,9.0
1630682474.0,338331274.0,37.807491,-122.44147,3.72173,-0.984174,-0.177205,36.0,12.0,4.0,0.821584,1630682474.0,366864850.0,37.82692,-122.448977,9.834759,-0.88337,0.468677,60.0,19.0,10.0,0.851568,1630682474.0,366981360.0,37.81737,-122.473774,10.539934,-0.999632,0.027138,60.0,21.0,7.0,0.604245,1630682474.0,367587050.0,37.845941,-122.468874,7.156549,0.21817,-0.975911,37.0,16.0,0.0,0.836542,1630682474.0,368084240.0,37.826794,-122.466814,11.451022,-0.883654,-0.46814,52.0,34.0,10.0,0.84213,0.0,0.0,9.0
1630682475.0,338331274.0,37.807488,-122.441491,3.712731,-0.98414,-0.177393,36.0,12.0,4.0,0.817137,1630682475.0,366864850.0,37.826941,-122.449028,9.845354,-0.883205,0.468988,60.0,19.0,10.0,0.847638,1630682475.0,366981360.0,37.817371,-122.473836,10.546327,-0.999665,0.025864,60.0,21.0,7.0,0.594231,1630682475.0,367587050.0,37.845909,-122.468865,7.159602,0.217694,-0.976017,37.0,16.0,0.0,0.832211,1630682475.0,368084240.0,37.82677,-122.466873,11.455345,-0.883432,-0.468559,52.0,34.0,10.0,0.837961,0.0,0.0,9.0
1630682476.0,338331274.0,37.807485,-122.441513,3.703834,-0.984104,-0.177594,36.0,12.0,4.0,0.8127,1630682476.0,366864850.0,37.826962,-122.449079,9.856459,-0.883044,0.46929,60.0,19.0,10.0,0.843703,1630682476.0,366981360.0,37.817372,-122.473897,10.552987,-0.999696,0.024638,60.0,21.0,7.0,0.584249,1630682476.0,367587050.0,37.845877,-122.468856,7.162623,0.217246,-0.976117,37.0,16.0,0.0,0.82788,1630682476.0,368084240.0,37.826745,-122.466932,11.459697,-0.883225,-0.468949,52.0,34.0,10.0,0.83379,0.0,0.0,9.0
1630682477.0,338331274.0,37.807481,-122.441534,3.695039,-0.984065,-0.17781,36.0,12.0,4.0,0.808274,1630682477.0,366864850.0,37.826984,-122.44913,9.868074,-0.882888,0.469584,60.0,19.0,10.0,0.839765,1630682477.0,366981360.0,37.817374,-122.473959,10.559912,-0.999725,0.02346,60.0,21.0,7.0,0.574301,1630682477.0,367587050.0,37.845844,-122.468847,7.165611,0.216824,-0.976211,37.0,16.0,0.0,0.823546,1630682477.0,368084240.0,37.82672,-122.466991,11.464077,-0.883033,-0.469312,52.0,34.0,10.0,0.829619,0.0,0.0,9.0
1630682478.0,338331274.0,37.807478,-122.441555,3.686346,-0.984024,-0.178039,36.0,12.0,4.0,0.803859,1630682478.0,366864850.0,37.827005,-122.449181,9.880198,-0.882736,0.469869,60.0,19.0,10.0,0.835822,1630682478.0,366981360.0,37.817375,-122.474021,10.5671,-0.999751,0.022332,60.0,21.0,7.0,0.564389,1630682478.0,367587050.0,37.845812,-122.468838,7.168565,0.216429,-0.976298,37.0,16.0,0.0,0.819212,1630682478.0,368084240.0,37.826695,-122.467051,11.468485,-0.882855,-0.469646,52.0,34.0,10.0,0.825446,0.0,0.0,9.0
1630682479.0,338331274.0,37.807475,-122.441576,3.677754,-0.98398,-0.178281,36.0,12.0,4.0,0.799455,1630682479.0,366864850.0,37.827027,-122.449232,9.892831,-0.882589,0.470145,60.0,19.0,10.0,0.831874,1630682479.0,366981360.0,37.817376,-122.474083,10.574549,-0.999774,0.021251,60.0,21.0,7.0,0.554514,1630682479.0,367587050.0,37.84578,-122.468828,7.171487,0.216061,-0.97638,37.0,16.0,0.0,0.814876,1630682479.0,368084240.0,37.82667,-122.46711,11.472921,-0.882691,-0.469954,52.0,34.0,10.0,0.821272,0.0,0.0,9.0
1630682480.0,338331274.0,37.807472,-122.441598,3.669265,-0.983933,-0.178538,36.0,12.0,4.0,0.795061,1630682480.0,366864850.0,37.827048,-122.449283,9.905974,-0.882447,0.470412,60.0,19.0,10.0,0.827922,1630682480.0,366981360.0,37.817377,-122.474145,10.582257,-0.999796,0.020219,60.0,21.0,7.0,0.544679,1630682480.0,367587050.0,37.845747,-122.468819,7.174375,0.21572,-0.976455,37.0,16.0,0.0,0.810538,1630682480.0,368084240.0,37.826645,-122.467169,11.477387,-0.882537,-0.470244,52.0,34.0,10.0,0.817096,0.0,0.0,9.0
1630682481.0,338331274.0,37.807469,-122.441619,3.660877,-0.983884,-0.178808,36.0,12.0,4.0,0.790678,1630682481.0,366864850.0,37.82707,-122.449334,9.919625,-0.882309,0.470671,60.0,19.0,10.0,0.823964,1630682481.0,366981360.0,37.817378,-122.474207,10.590224,-0.999815,0.019236,60.0,21.0,7.0,0.534886,1630682481.0,367587050.0,37.845715,-122.46881,7.177229,0.215406,-0.976525,37.0,16.0,0.0,0.806199,1630682481.0,368084240.0,37.82662,-122.467229,11.481883,-0.882391,-0.470517,52.0,34.0,10.0,0.812919,0.0,0.0,9.0
1630682482.0,338331274.0,37.807466,-122.44164,3.652591,-0.983832,-0.179092,36.0,12.0,4.0,0.786305,1630682482.0,366864850.0,37.827091,-122.449386,9.933786,-0.882176,0.470921,60.0,19.0,10.0,0.820001,1630682482.0,366981360.0,37.817379,-122.474269,10.598447,-0.999833,0.018301,60.0,21.0,7.0,0.525138,1630682482.0,367587050.0,37.845682,-122.468801,7.180049,0.215119,-0.976588,37.0,16.0,0.0,0.801859,1630682482.0,368084240.0,37.826595,-122.467288,11.486409,-0.882253,-0.470775,52.0,34.0,10.0,0.808741,0.0,0.0,9.0
1630682483.0,338331274.0,37.807463,-122.441661,3.644407,-0.983778,-0.179391,36.0,12.0,4.0,0.781943,1630682483.0,366864850.0,37.827113,-122.449437,9.948456,-0.882047,0.471162,60.0,19.0,10.0,0.816033,1630682483.0,366981360.0,37.81738,-122.474331,10.606926,-0.999848,0.017415,60.0,21.0,7.0,0.515436,1630682483.0,367587050.0,37.84565,-122.468792,7.182835,0.214858,-0.976645,37.0,16.0,0.0,0.797517,1630682483.0,368084240.0,37.82657,-122.467347,11.490964,-0.882124,-0.471017,52.0,34.0,10.0,0.804561,0.0,0.0,9.0
1630682484.0,338331274.0,37.80746,-122.441682,3.636326,-0.983721,-0.179703,36.0,12.0,4.0,0.77759,1630682484.0,366864850.0,37.827135,-122.449488,9.963635,-0.881923,0.471394,60.0,19.0,10.0,0.812059,1630682484.0,366981360.0,37.817381,-122.474393,10.615658,-0.999863,0.016577,60.0,21.0,7.0,0.505784,1630682484.0,367587050.0,37.845618,-122.468783,7.185586,0.214624,-0.976697,37.0,16.0,0.0,0.793174,1630682484.0,368084240.0,37.826545,-122.467407,11.495549,-0.882003,-0.471244,52.0,34.0,10.0,0.80038,0.0,0.0,9.0
1630682485.0,338331274.0,37.807457,-122.441703,3.628346,-0.983661,-0.18003,36.0,12.0,4.0,0.773248,1630682485.0,366864850.0,37.827156,-122.44954,9.979322,-0.881803,0.471618,60.0,19.0,10.0,0.808079,1630682485.0,366981360.0,37.817381,-122.474455,10.624644,-0.999875,0.015787,60.0,21.0,7.0,0.496186,1630682485.0,367587050.0,37.845585,-122.468774,7.188303,0.214417,-0.976742,37.0,16.0,0.0,0.788829,1630682485.0,368084240.0,37.82652,-122.467466,11.500164,-0.881891,-0.471454,52.0,34.0,10.0,0.796198,0.0,0.0,9.0
1630682486.0,338331274.0,37.807454,-122.441724,3.620468,-0.983599,-0.180371,36.0,12.0,4.0,0.768915,1630682486.0,366864850.0,37.827178,-122.449591,9.995518,-0.881688,0.471833,60.0,19.0,10.0,0.804094,1630682486.0,366981360.0,37.817382,-122.474517,10.63388,-0.999887,0.015045,60.0,21.0,7.0,0.486643,1630682486.0,367587050.0,37.845553,-122.468765,7.190986,0.214236,-0.976782,37.0,16.0,0.0,0.784483,1630682486.0,368084240.0,37.826495,-122.467526,11.504807,-0.881787,-0.471649,52.0,34.0,10.0,0.792014,0.0,0.0,9.0
1630682487.0,338331274.0,37.807451,-122.441745,3.612693,-0.983533,-0.180727,36.0,12.0,4.0,0.764592,1630682487.0,366864850.0,37.8272,-122.449643,10.012223,-0.881577,0.472039,60.0,19.0,10.0,0.800101,1630682487.0,366981360.0,37.817383,-122.474579,10.643367,-0.999897,0.014352,60.0,21.0,7.0,0.477161,1630682487.0,367587050.0,37.84552,-122.468756,7.193634,0.214082,-0.976816,37.0,16.0,0.0,0.780135,1630682487.0,368084240.0,37.82647,-122.467585,11.50948,-0.881691,-0.471827,52.0,34.0,10.0,0.787828,0.0,0.0,9.0
1630682488.0,338331274.0,37.807448,-122.441765,3.60502,-0.983465,-0.181096,36.0,12.0,4.0,0.760279,1630682488.0,366864850.0,37.827222,-122.449695,10.029437,-0.881472,0.472237,60.0,19.0,10.0,0.796103,1630682488.0,366981360.0,37.817384,-122.474642,10.653103,-0.999906,0.013707,60.0,21.0,7.0,0.467742,1630682488.0,367587050.0,37.845488,-122.468747,7.196247,0.213955,-0.976844,37.0,16.0,0.0,0.775786,1630682488.0,368084240.0,37.826445,-122.467644,11.514182,-0.881604,-0.47199,52.0,34.0,10.0,0.783641,0.0,0.0,9.0
1630682489.0,338331274.0,37.807445,-122.441786,3.597449,-0.983395,-0.181481,36.0,12.0,4.0,0.755975,1630682489.0,366864850.0,37.827244,-122.449747,10.047159,-0.88137,0.472426,60.0,19.0,10.0,0.792097,1630682489.0,366981360.0,37.817384,-122.474704,10.663087,-0.999914,0.013109,60.0,21.0,7.0,0.458391,1630682489.0,367587050.0,37.845455,-122.468738,7.198825,0.213854,-0.976866,37.0,16.0,0.0,0.771436,1630682489.0,368084240.0,37.82642,-122.467704,11.518912,-0.881525,-0.472138,52.0,34.0,10.0,0.779453,0.0,0.0,9.0
1630682490.0,338331274.0,37.807442,-122.441807,3.58998,-0.983321,-0.181879,36.0,12.0,4.0,0.751681,1630682490.0,366864850.0,37.827266,-122.449798,10.06539,-0.881274,0.472606,60.0,19.0,10.0,0.788085,1630682490.0,366981360.0,37.817385,-122.474767,10.673318,-0.999921,0.01256,60.0,21.0,7.0,0.449113,1630682490.0,367587050.0,37.845423,-122.468729,7.201369,0.21378,-0.976882,37.0,16.0,0.0,0.767084,1630682490.0,368084240.0,37.826394,-122.467763,11.523672,-0.881454,-0.472269,52.0,34.0,10.0,0.775263,0.0,0.0,9.0
1630682491.0,338331274.0,37.807439,-122.441827,3.582614,-0.983244,-0.182293,36.0,12.0,4.0,0.747395,1630682491.0,366864850.0,37.827288,-122.44985,10.084129,-0.881182,0.472778,60.0,19.0,10.0,0.784065,1630682491.0,366981360.0,37.817386,-122.474829,10.683796,-0.999927,0.012058,60.0,21.0,7.0,0.439913,1630682491.0,367587050.0,37.84539,-122.46872,7.203866,0.213732,-0.976892,37.0,16.0,0.0,0.762731,1630682491.0,368084240.0,37.826369,-122.467823,11.52846,-0.881392,-0.472385,52.0,34.0,10.0,0.771071,0.0,0.0,9.0
1630682492.0,338331274.0,37.807436,-122.441848,3.57535,-0.983165,-0.18272,36.0,12.0,4.0,0.743119,1630682492.0,366864850.0,37.82731,-122.449902,10.103376,-0.881094,0.472941,60.0,19.0,10.0,0.780038,1630682492.0,366981360.0,37.817386,-122.474892,10.69452,-0.999933,0.011605,60.0,21.0,7.0,0.430795,1630682492.0,367587050.0,37.845357,-122.468711,7.206272,0.21371,-0.976897,37.0,16.0,0.0,0.758376,1630682492.0,368084240.0,37.826344,-122.467882,11.533276,-0.881339,-0.472485,52.0,34.0,10.0,0.766878,0.0,0.0,9.0
1630682493.0,338331274.0,37.807433,-122.441869,3.568189,-0.983083,-0.183163,36.0,12.0,4.0,0.738852,1630682493.0,366864850.0,37.827332,-122.449955,10.123132,-0.881011,0.473096,60.0,19.0,10.0,0.776004,1630682493.0,366981360.0,37.817387,-122.474954,10.705488,-0.999937,0.011198,60.0,21.0,7.0,0.421766,1630682493.0,367587050.0,37.845325,-122.468702,7.208576,0.213715,-0.976896,37.0,16.0,0.0,0.75402,1630682493.0,368084240.0,37.826319,-122.467942,11.538122,-0.881293,-0.472569,52.0,34.0,10.0,0.762683,0.0,0.0,9.0
1630682494.0,338331274.0,37.80743,-122.441889,3.561131,-0.982997,-0.18362,36.0,12.0,4.0,0.734594,1630682494.0,366864850.0,37.827354,-122.450007,10.143396,-0.880933,0.473242,60.0,19.0,10.0,0.771962,1630682494.0,366981360.0,37.817387,-122.475017,10.716701,-0.999941,0.01084,60.0,21.0,7.0,0.412832,1630682494.0,367587050.0,37.845292,-122.468693,7.210778,0.213746,-0.976889,37.0,16.0,0.0,0.749663,1630682494.0,368084240.0,37.826294,-122.468001,11.542995,-0.881257,-0.472638,52.0,34.0,10.0,0.758486,0.0,0.0,9.0
1630682495.0,338331274.0,37.807427,-122.44191,3.554175,-0.982909,-0.184092,36.0,12.0,4.0,0.730345,1630682495.0,366864850.0,37.827376,-122.450059,10.164168,-0.880859,0.473379,60.0,19.0,10.0,0.767912,1630682495.0,366981360.0,37.817388,-122.47508,10.728158,-0.999945,0.010528,60.0,21.0,7.0,0.404,1630682495.0,367587050.0,37.84526,-122.468684,7.212877,0.213803,-0.976877,37.0,16.0,0.0,0.745304,1630682495.0,368084240.0,37.826268,-122.468061,11.547897,-0.881228,-0.472691,52.0,34.0,10.0,0.754287,0.0,0.0,9.0
1630682496.0,338331274.0,37.807424,-122.44193,3.547322,-0.982818,-0.184579,36.0,12.0,4.0,0.726104,1630682496.0,366864850.0,37.827399,-122.450112,10.185449,-0.880789,0.473508,60.0,19.0,10.0,0.763853,1630682496.0,366981360.0,37.817388,-122.475143,10.739859,-0.999947,0.010264,60.0,21.0,7.0,0.395277,1630682496.0,367587050.0,37.845227,-122.468675,7.214875,0.213886,-0.976859,37.0,16.0,0.0,0.740944,1630682496.0,368084240.0,37.826243,-122.468121,11.552828,-0.881208,-0.472729,52.0,34.0,10.0,0.750087,0.0,0.0,9.0
1630682497.0,338331274.0,37.807421,-122.441951,3.540572,-0.982723,-0.18508,36.0,12.0,4.0,0.721872,1630682497.0,366864850.0,37.827421,-122.450164,10.207237,-0.880725,0.473629,60.0,19.0,10.0,0.759787,1630682497.0,366981360.0,37.817389,-122.475206,10.751802,-0.99995,0.010047,60.0,21.0,7.0,0.386671,1630682497.0,367587050.0,37.845194,-122.468666,7.21677,0.213995,-0.976835,37.0,16.0,0.0,0.736583,1630682497.0,368084240.0,37.826218,-122.46818,11.557787,-0.881196,-0.472751,52.0,34.0,10.0,0.745886,0.0,0.0,9.0
1630682498.0,338331274.0,37.807418,-122.441971,3.533924,-0.982626,-0.185597,36.0,12.0,4.0,0.717648,1630682498.0,366864850.0,37.827443,-122.450217,10.229534,-0.880664,0.473741,60.0,19.0,10.0,0.755711,1630682498.0,366981360.0,37.817389,-122.475268,10.763988,-0.999951,0.009877,60.0,21.0,7.0,0.37819,1630682498.0,367587050.0,37.845162,-122.468657,7.218563,0.21413,-0.976805,37.0,16.0,0.0,0.732221,1630682498.0,368084240.0,37.826192,-122.46824,11.562774,-0.881193,-0.472757,52.0,34.0,10.0,0.741682,0.0,0.0,9.0
1630682499.0,338331274.0,37.807415,-122.441991,3.52738,-0.982526,-0.186128,36.0,12.0,4.0,0.713432,1630682499.0,366864850.0,37.827466,-122.45027,10.252339,-0.880609,0.473845,60.0,19.0,10.0,0.751627,1630682499.0,366981360.0,37.81739,-122.475332,10.776417,-0.999952,0.009753,60.0,21.0,7.0,0.369845,1630682499.0,367587050.0,37.845129,-122.468648,7.220254,0.214291,-0.97677,37.0,16.0,0.0,0.727858,1630682499.0,368084240.0,37.826167,-122.4683,11.567789,-0.881198,-0.472748,52.0,34.0,10.0,0.737477,0.0,0.0,9.0
1630682500.0,338331274.0,37.807412,-122.442012,3.520939,-0.982422,-0.186674,36.0,12.0,4.0,0.709225,1630682500.0,366864850.0,37.827488,-122.450322,10.275652,-0.880557,0.47394,60.0,19.0,10.0,0.747534,1630682500.0,366981360.0,37.81739,-122.475395,10.789088,-0.999953,0.009676,60.0,21.0,7.0,0.361644,1630682500.0,367587050.0,37.845097,-122.468639,7.221843,0.214478,-0.976729,37.0,16.0,0.0,0.723493,1630682500.0,368084240.0,37.826142,-122.468359,11.572833,-0.881211,-0.472723,52.0,34.0,10.0,0.733269,0.0,0.0,9.0
1630682501.0,338331274.0,37.807409,-122.442032,3.514601,-0.982315,-0.187235,36.0,12.0,4.0,0.705025,1630682501.0,366864850.0,37.827511,-122.450375,10.299473,-0.88051,0.474027,60.0,19.0,10.0,0.743432,1630682501.0,366981360.0,37.817391,-122.475458,10.802001,-0.999953,0.009646,60.0,21.0,7.0,0.3536,1630682501.0,367587050.0,37.845064,-122.46863,7.223331,0.214692,-0.976682,37.0,16.0,0.0,0.719128,1630682501.0,368084240.0,37.826117,-122.468419,11.577905,-0.881232,-0.472683,52.0,34.0,10.0,0.72906,0.0,0.0,9.0
1630682502.0,338331274.0,37.807406,-122.442052,3.508366,-0.982205,-0.187812,36.0,12.0,4.0,0.700834,1630682502.0,366864850.0,37.827533,-122.450429,10.323801,-0.880468,0.474106,60.0,19.0,10.0,0.73932,1630682502.0,366981360.0,37.817391,-122.475521,10.815156,-0.999953,0.009662,60.0,21.0,7.0,0.345723,1630682502.0,367587050.0,37.845031,-122.46862,7.224716,0.214931,-0.976629,37.0,16.0,0.0,0.714761,1630682502.0,368084240.0,37.826091,-122.468479,11.583006,-0.881262,-0.472628,52.0,34.0,10.0,0.724849,0.0,0.0,9.0
1630682503.0,338331274.0,37.807403,-122.442072,3.502234,-0.982092,-0.188403,36.0,12.0,4.0,0.69665,1630682503.0,366864850.0,37.827556,-122.450482,10.348638,-0.88043,0.474177,60.0,19.0,10.0,0.735199,1630682503.0,366981360.0,37.817392,-122.475584,10.828553,-0.999953,0.009724,60.0,21.0,7.0,0.338026,1630682503.0,367587050.0,37.844999,-122.468611,7.226001,0.215196,-0.976571,37.0,16.0,0.0,0.710394,1630682503.0,368084240.0,37.826066,-122.468539,11.588135,-0.8813,-0.472557,52.0,34.0,10.0,0.720637,0.0,0.0,9.0
1630682504.0,338331274.0,37.8074,-122.442092,3.496206,-0.981975,-0.189009,36.0,12.0,4.0,0.692474,1630682504.0,366864850.0,37.827579,-122.450535,10.373983,-0.880396,0.474239,60.0,19.0,10.0,0.731068,1630682504.0,366981360.0,37.817392,-122.475648,10.842192,-0.999952,0.009833,60.0,21.0,7.0,0.330523,1630682504.0,367587050.0,37.844966,-122.468602,7.227184,0.215487,-0.976507,37.0,16.0,0.0,0.706025,1630682504.0,368084240.0,37.826041,-122.468598,11.593293,-0.881347,-0.47247,52.0,34.0,10.0,0.716422,0.0,0.0,9.0
1630682505.0,338331274.0,37.807397,-122.442113,3.490281,-0.981856,-0.18963,36.0,12.0,4.0,0.688305,1630682505.0,366864850.0,37.827601,-122.450589,10.399835,-0.880367,0.474294,60.0,19.0,10.0,0.726926,1630682505.0,366981360.0,37.817393,-122.475711,10.856074,-0.99995,0.009987,60.0,21.0,7.0,0.323228,1630682505.0,367587050.0,37.844933,-122.468593,7.228265,0.215805,-0.976437,37.0,16.0,0.0,0.701656,1630682505.0,368084240.0,37.826015,-122.468658,11.598479,-0.881401,-0.472368,52.0,34.0,10.0,0.712205,0.0,0.0,9.0
1630682506.0,338331274.0,37.807394,-122.442133,3.48446,-0.981732,-0.190266,36.0,12.0,4.0,0.684144,1630682506.0,366864850.0,37.827624,-122.450642,10.426196,-0.880341,0.47434,60.0,19.0,10.0,0.722775,1630682506.0,366981360.0,37.817393,-122.475775,10.870198,-0.999948,0.010186,60.0,21.0,7.0,0.316156,1630682506.0,367587050.0,37.844901,-122.468584,7.229246,0.216148,-0.976361,37.0,16.0,0.0,0.697286,1630682506.0,368084240.0,37.82599,-122.468718,11.603693,-0.881464,-0.472251,52.0,34.0,10.0,0.707987,0.0,0.0,9.0
1630682507.0,338331274.0,37.80739,-122.442153,3.478743,-0.981606,-0.190918,36.0,12.0,4.0,0.67999,1630682507.0,366864850.0,37.827647,-122.450696,10.453064,-0.880321,0.474379,60.0,19.0,10.0,0.718613,1630682507.0,366981360.0,37.817394,-122.475839,10.884565,-0.999946,0.010431,60.0,21.0,7.0,0.309325,1630682507.0,367587050.0,37.844868,-122.468575,7.230126,0.216517,-0.976279,37.0,16.0,0.0,0.692915,1630682507.0,368084240.0,37.825965,-122.468778,11.608937,-0.881535,-0.472118,52.0,34.0,10.0,0.703766,0.0,0.0,9.0
1630682508.0,338331274.0,37.807387,-122.442173,3.473129,-0.981476,-0.191584,36.0,12.0,4.0,0.675844,1630682508.0,366864850.0,37.82767,-122.45075,10.480228,-0.880301,0.474415,60.0,19.0,10.0,0.71444,1630682508.0,366981360.0,37.817394,-122.475902,10.899175,-0.999943,0.010721,60.0,21.0,7.0,0.302751,1630682508.0,367587050.0,37.844835,-122.468566,7.230905,0.216913,-0.976191,37.0,16.0,0.0,0.688543,1630682508.0,368084240.0,37.825939,-122.468838,11.614209,-0.881615,-0.47197,52.0,34.0,10.0,0.699543,0.0,0.0,9.0
1630682509.0,338331274.0,37.807384,-122.442193,3.46762,-0.981343,-0.192266,36.0,12.0,4.0,0.671704,1630682509.0,366864850.0,37.827693,-122.450804,10.506838,-0.880273,0.474468,60.0,19.0,10.0,0.710257,1630682509.0,366981360.0,37.817395,-122.475966,10.914029,-0.999939,0.011057,60.0,21.0,7.0,0.296452,1630682509.0,367587050.0,37.844803,-122.468557,7.231584,0.217334,-0.976097,37.0,16.0,0.0,0.68417,1630682509.0,368084240.0,37.825914,-122.468898,11.61951,-0.881702,-0.471806,52.0,34.0,10.0,0.695319,0.0,0.0,9.0
1630682510.0,338331274.0,37.807381,-122.442213,3.462214,-0.981206,-0.192962,36.0,12.0,4.0,0.667571,1630682510.0,366864850.0,37.827716,-122.450858,10.532682,-0.880232,0.474543,60.0,19.0,10.0,0.706063,1630682510.0,366981360.0,37.817395,-122.47603,10.929128,-0.999935,0.011437,60.0,21.0,7.0,0.290449,1630682510.0,367587050.0,37.84477,-122.468547,7.232163,0.217781,-0.975998,37.0,16.0,0.0,0.679797,1630682510.0,368084240.0,37.825888,-122.468958,11.62484,-0.881798,-0.471628,52.0,34.0,10.0,0.691092,0.0,0.0,9.0
1630682511.0,338331274.0,37.807378,-122.442232,3.456912,-0.981066,-0.193674,36.0,12.0,4.0,0.663445,1630682511.0,366864850.0,37.827739,-122.450913,10.557759,-0.880179,0.474641,60.0,19.0,10.0,0.701859,1630682511.0,366981360.0,37.817396,-122.476094,10.944471,-0.99993,0.011862,60.0,21.0,7.0,0.284761,1630682511.0,367587050.0,37.844737,-122.468538,7.232642,0.218254,-0.975892,37.0,16.0,0.0,0.675423,1630682511.0,368084240.0,37.825863,-122.469018,11.630199,-0.881902,-0.471434,52.0,34.0,10.0,0.686863,0.0,0.0,9.0
1630682512.0,338331274.0,37.807375,-122.442252,3.451715,-0.980922,-0.194401,36.0,12.0,4.0,0.659326,1630682512.0,366864850.0,37.827762,-122.450967,10.582071,-0.880115,0.474761,60.0,19.0,10.0,0.697645,1630682512.0,366981360.0,37.817397,-122.476158,10.960059,-0.999924,0.012331,60.0,21.0,7.0,0.279409,1630682512.0,367587050.0,37.844705,-122.468529,7.233021,0.218754,-0.97578,37.0,16.0,0.0,0.671049,1630682512.0,368084240.0,37.825838,-122.469078,11.635587,-0.882013,-0.471224,52.0,34.0,10.0,0.682632,0.0,0.0,9.0
1630682513.0,338331274.0,37.807372,-122.442272,3.446622,-0.980775,-0.195143,36.0,12.0,4.0,0.655213,1630682513.0,366864850.0,37.827786,-122.451022,10.605616,-0.880038,0.474903,60.0,19.0,10.0,0.693421,1630682513.0,366981360.0,37.817397,-122.476222,10.975893,-0.999918,0.012844,60.0,21.0,7.0,0.274413,1630682513.0,367587050.0,37.844672,-122.46852,7.233301,0.219279,-0.975662,37.0,16.0,0.0,0.666674,1630682513.0,368084240.0,37.825812,-122.469138,11.641005,-0.882133,-0.470999,52.0,34.0,10.0,0.678399,0.0,0.0,9.0
1630682514.0,338331274.0,37.807369,-122.442292,3.441633,-0.980624,-0.1959,36.0,12.0,4.0,0.651107,1630682514.0,366864850.0,37.827809,-122.451076,10.628396,-0.87995,0.475067,60.0,19.0,10.0,0.689189,1630682514.0,366981360.0,37.817398,-122.476287,10.991975,-0.99991,0.013401,60.0,21.0,7.0,0.269796,1630682514.0,367587050.0,37.84464,-122.46851,7.233482,0.21983,-0.975538,37.0,16.0,0.0,0.662298,1630682514.0,368084240.0,37.825787,-122.469198,11.646452,-0.882262,-0.47076,52.0,34.0,10.0,0.674164,0.0,0.0,9.0
1630682515.0,338331274.0,37.807366,-122.442312,3.436749,-0.980469,-0.196672,36.0,12.0,4.0,0.647007,1630682515.0,366864850.0,37.827832,-122.451131,10.65041,-0.87985,0.475252,60.0,19.0,10.0,0.684947,1630682515.0,366981360.0,37.817399,-122.476351,11.008303,-0.999902,0.014002,60.0,21.0,7.0,0.265578,1630682515.0,367587050.0,37.844607,-122.468501,7.233565,0.220408,-0.975408,37.0,16.0,0.0,0.657922,1630682515.0,368084240.0,37.825762,-122.469258,11.651929,-0.882398,-0.470504,52.0,34.0,10.0,0.669927,0.0,0.0,9.0
1630682516.0,338331274.0,37.807363,-122.442331,3.43197,-0.980311,-0.197459,36.0,12.0,4.0,0.642913,1630682516.0,366864850.0,37.827856,-122.451186,10.671659,-0.879738,0.475459,60.0,19.0,10.0,0.680696,1630682516.0,366981360.0,37.817399,-122.476415,11.024881,-0.999893,0.014646,60.0,21.0,7.0,0.261781,1630682516.0,367587050.0,37.844574,-122.468492,7.233549,0.221011,-0.975271,37.0,16.0,0.0,0.653546,1630682516.0,368084240.0,37.825736,-122.469319,11.657436,-0.882542,-0.470234,52.0,34.0,10.0,0.665687,0.0,0.0,9.0
1630682517.0,338331274.0,37.807359,-122.442351,3.427296,-0.980149,-0.198262,36.0,12.0,4.0,0.638825,1630682517.0,366864850.0,37.827879,-122.451241,10.692142,-0.879614,0.475688,60.0,19.0,10.0,0.676438,1630682517.0,366981360.0,37.8174,-122.47648,11.040925,-0.999882,0.015335,60.0,21.0,7.0,0.258425,1630682517.0,367587050.0,37.844542,-122.468482,7.233436,0.22164,-0.975128,37.0,16.0,0.0,0.649169,1630682517.0,368084240.0,37.825711,-122.469379,11.662973,-0.882694,-0.469948,52.0,34.0,10.0,0.661445,0.0,0.0,9.0
1630682518.0,338331274.0,37.807356,-122.442371,3.422726,-0.979983,-0.199079,36.0,12.0,4.0,0.634743,1630682518.0,366864850.0,37.827903,-122.451296,10.711861,-0.879479,0.475938,60.0,19.0,10.0,0.672171,1630682518.0,366981360.0,37.817401,-122.476545,11.053308,-0.999871,0.016074,60.0,21.0,7.0,0.25553,1630682518.0,367587050.0,37.844509,-122.468473,7.233225,0.222296,-0.974979,37.0,16.0,0.0,0.644792,1630682518.0,368084240.0,37.825686,-122.469439,11.66854,-0.882854,-0.469647,52.0,34.0,10.0,0.657201,0.0,0.0,9.0
1630682519.0,338331274.0,37.807353,-122.44239,3.418261,-0.979814,-0.199911,36.0,12.0,4.0,0.630667,1630682519.0,366864850.0,37.827926,-122.451351,10.730814,-0.879332,0.476209,60.0,19.0,10.0,0.667897,1630682519.0,366981360.0,37.817402,-122.476609,11.061249,-0.999858,0.016865,60.0,21.0,7.0,0.253113,1630682519.0,367587050.0,37.844476,-122.468463,7.232916,0.222977,-0.974824,37.0,16.0,0.0,0.640414,1630682519.0,368084240.0,37.82566,-122.4695,11.674138,-0.883022,-0.469331,52.0,34.0,10.0,0.652955,0.0,0.0,9.0
1630682520.0,338331274.0,37.80735,-122.44241,3.413901,-0.97964,-0.200761,36.0,12.0,4.0,0.626597,1630682520.0,366864850.0,37.82795,-122.451406,10.749003,-0.879173,0.476502,60.0,19.0,10.0,0.663615,1630682520.0,366981360.0,37.817402,-122.476674,11.064749,-0.999843,0.01771,60.0,21.0,7.0,0.251191,1630682520.0,367587050.0,37.844444,-122.468454,7.232511,0.223685,-0.974661,37.0,16.0,0.0,0.636036,1630682520.0,368084240.0,37.825635,-122.46956,11.679766,-0.883198,-0.469,52.0,34.0,10.0,0.648706,0.0,0.0,9.0
1630682521.0,338331274.0,37.807347,-122.44243,3.409644,-0.97946,-0.201637,36.0,12.0,4.0,0.622532,1630682521.0,366864850.0,37.827974,-122.451462,10.766427,-0.879003,0.476816,60.0,19.0,10.0,0.659326,1630682521.0,366981360.0,37.817403,-122.476739,11.063809,-0.999827,0.018608,60.0,21.0,7.0,0.249775,1630682521.0,367587050.0,37.844411,-122.468444,7.23201,0.224419,-0.974493,37.0,16.0,0.0,0.631658,1630682521.0,368084240.0,37.82561,-122.46962,11.685426,-0.883382,-0.468654,52.0,34.0,10.0,0.644455,0.0,0.0,9.0
1630682522.0,338331274.0,37.807344,-122.442449,3.40549,-0.979274,-0.202542,36.0,12.0,4.0,0.618473,1630682522.0,366864850.0,37.827997,-122.451517,10.783088,-0.878821,0.477151,60.0,19.0,10.0,0.655031,1630682522.0,366981360.0,37.817404,-122.476804,11.058432,-0.999809,0.019561,60.0,21.0,7.0,0.248876,1630682522.0,367587050.0,37.844378,-122.468435,7.231413,0.225179,-0.974317,37.0,16.0,0.0,0.627279,1630682522.0,368084240.0,37.825584,-122.469681,11.691116,-0.883574,-0.468292,52.0,34.0,10.0,0.640202,0.0,0.0,9.0
1630682523.0,338331274.0,37.80734,-122.442469,3.401438,-0.97908,-0.203475,36.0,12.0,4.0,0.614419,1630682523.0,366864850.0,37.828021,-122.451573,10.798984,-0.878628,0.477507,60.0,19.0,10.0,0.650729,1630682523.0,366981360.0,37.817405,-122.476868,11.048618,-0.999788,0.02057,60.0,21.0,7.0,0.248498,1630682523.0,367587050.0,37.844346,-122.468425,7.23072,0.225965,-0.974135,37.0,16.0,0.0,0.6229,1630682523.0,368084240.0,37.825559,-122.469741,11.696838,-0.883773,-0.467916,52.0,34.0,10.0,0.635946,0.0,0.0,9.0
1630682524.0,338331274.0,37.807337,-122.442488,3.397489,-0.97888,-0.204437,36.0,12.0,4.0,0.61037,1630682524.0,366864850.0,37.828045,-122.451628,10.814117,-0.878422,0.477885,60.0,19.0,10.0,0.646421,1630682524.0,366981360.0,37.817406,-122.476933,11.03437,-0.999766,0.021637,60.0,21.0,7.0,0.248641,1630682524.0,367587050.0,37.844313,-122.468416,7.229933,0.226777,-0.973947,37.0,16.0,0.0,0.618522,1630682524.0,368084240.0,37.825534,-122.469802,11.702592,-0.88398,-0.467524,52.0,34.0,10.0,0.631688,0.0,0.0,9.0
1630682525.0,338331274.0,37.807334,-122.442508,3.393644,-0.978672,-0.205428,36.0,12.0,4.0,0.606326,1630682525.0,366864850.0,37.828069,-122.451684,10.828488,-0.878205,0.478284,60.0,19.0,10.0,0.642108,1630682525.0,366981360.0,37.817407,-122.476998,11.01569,-0.999741,0.022763,60.0,21.0,7.0,0.249303,1630682525.0,367587050.0,37.844281,-122.468406,7.229051,0.227616,-0.973751,37.0,16.0,0.0,0.614143,1630682525.0,368084240.0,37.825508,-122.469863,11.708377,-0.884195,-0.467117,52.0,34.0,10.0,0.627427,0.0,0.0,9.0
1630682526.0,338331274.0,37.807331,-122.442527,3.389903,-0.978458,-0.206448,36.0,12.0,4.0,0.602287,1630682526.0,366864850.0,37.828093,-122.45174,10.842095,-0.877977,0.478703,60.0,19.0,10.0,0.637789,1630682526.0,366981360.0,37.817409,-122.477062,10.99258,-0.999713,0.02395,60.0,21.0,7.0,0.250477,1630682526.0,367587050.0,37.844248,-122.468397,7.228075,0.228481,-0.973548,37.0,16.0,0.0,0.609763,1630682526.0,368084240.0,37.825483,-122.469923,11.714195,-0.884418,-0.466695,52.0,34.0,10.0,0.623164,0.0,0.0,9.0
1630682527.0,338331274.0,37.807328,-122.442547,3.386265,-0.978236,-0.207497,36.0,12.0,4.0,0.598253,1630682527.0,366864850.0,37.828117,-122.451795,10.85494,-0.877736,0.479144,60.0,19.0,10.0,0.633465,1630682527.0,366981360.0,37.81741,-122.477127,10.965043,-0.999682,0.0252,60.0,21.0,7.0,0.252151,1630682527.0,367587050.0,37.844216,-122.468387,7.227006,0.229372,-0.973339,37.0,16.0,0.0,0.605384,1630682527.0,368084240.0,37.825458,-122.469984,11.720045,-0.884649,-0.466258,52.0,34.0,10.0,0.618898,0.0,0.0,9.0
1630682528.0,338331274.0,37.807324,-122.442566,3.382732,-0.978007,-0.208574,36.0,12.0,4.0,0.594224,1630682528.0,366864850.0,37.828141,-122.451851,10.867023,-0.877484,0.479606,60.0,19.0,10.0,0.629136,1630682528.0,366981360.0,37.817411,-122.477191,10.93308,-0.999648,0.026514,60.0,21.0,7.0,0.25431,1630682528.0,367587050.0,37.844183,-122.468377,7.225843,0.230289,-0.973122,37.0,16.0,0.0,0.601005,1630682528.0,368084240.0,37.825432,-122.470045,11.725928,-0.884887,-0.465806,52.0,34.0,10.0,0.61463,0.0,0.0,9.0
1630682529.0,338331274.0,37.807321,-122.442585,3.379304,-0.97777,-0.20968,36.0,12.0,4.0,0.590199,1630682529.0,366864850.0,37.828165,-122.451907,10.878345,-0.87722,0.480089,60.0,19.0,10.0,0.624803,1630682529.0,366981360.0,37.817412,-122.477255,10.896694,-0.999611,0.027895,60.0,21.0,7.0,0.256938,1630682529.0,367587050.0,37.844151,-122.468367,7.224589,0.231233,-0.972898,37.0,16.0,0.0,0.596626,1630682529.0,368084240.0,37.825407,-122.470105,11.731845,-0.885132,-0.465339,52.0,34.0,10.0,0.61036,0.0,0.0,9.0
1630682530.0,338331274.0,37.807318,-122.442605,3.37598,-0.977526,-0.210814,36.0,12.0,4.0,0.586178,1630682530.0,366864850.0,37.828189,-122.451963,10.888905,-0.876944,0.480593,60.0,19.0,10.0,0.620466,1630682530.0,366981360.0,37.817414,-122.477319,10.855889,-0.999569,0.029345,60.0,21.0,7.0,0.260013,1630682530.0,367587050.0,37.844118,-122.468358,7.223242,0.232203,-0.972667,37.0,16.0,0.0,0.592247,1630682530.0,368084240.0,37.825382,-122.470166,11.737794,-0.885386,-0.464857,52.0,34.0,10.0,0.606086,0.0,0.0,9.0
1630682531.0,338331274.0,37.807314,-122.442624,3.372762,-0.977275,-0.211978,36.0,12.0,4.0,0.582162,1630682531.0,366864850.0,37.828213,-122.452019,10.898705,-0.876656,0.481118,60.0,19.0,10.0,0.616124,1630682531.0,366981360.0,37.817415,-122.477382,10.810667,-0.999524,0.030867,60.0,21.0,7.0,0.263513,1630682531.0,367587050.0,37.844086,-122.468348,7.221805,0.233199,-0.972429,37.0,16.0,0.0,0.587868,1630682531.0,368084240.0,37.825357,-122.470227,11.743777,-0.885646,-0.46436,52.0,34.0,10.0,0.601811,0.0,0.0,9.0
1630682532.0,338331274.0,37.807311,-122.442643,3.36965,-0.977015,-0.213169,36.0,12.0,4.0,0.578151,1630682532.0,366864850.0,37.828238,-122.452075,10.907745,-0.876355,0.481665,60.0,19.0,10.0,0.61178,1630682532.0,366981360.0,37.817417,-122.477445,10.761032,-0.999473,0.032463,60.0,21.0,7.0,0.267414,1630682532.0,367587050.0,37.844053,-122.468338,7.220277,0.234222,-0.972183,37.0,16.0,0.0,0.583489,1630682532.0,368084240.0,37.825331,-122.470288,11.749795,-0.885915,-0.463848,52.0,34.0,10.0,0.597532,0.0,0.0,9.0
1630682533.0,338331274.0,37.807308,-122.442663,3.366643,-0.976748,-0.21439,36.0,12.0,4.0,0.574143,1630682533.0,366864850.0,37.828262,-122.452131,10.916026,-0.876043,0.482233,60.0,19.0,10.0,0.607432,1630682533.0,366981360.0,37.817419,-122.477508,10.706987,-0.999417,0.034136,60.0,21.0,7.0,0.27169,1630682533.0,367587050.0,37.844021,-122.468328,7.218658,0.235271,-0.97193,37.0,16.0,0.0,0.57911,1630682533.0,368084240.0,37.825306,-122.470349,11.755847,-0.88619,-0.463321,52.0,34.0,10.0,0.593251,0.0,0.0,9.0
1630682534.0,338331274.0,37.807305,-122.442682,3.363743,-0.976473,-0.215638,36.0,12.0,4.0,0.570139,1630682534.0,366864850.0,37.828286,-122.452187,10.923547,-0.875719,0.482821,60.0,19.0,10.0,0.603081,1630682534.0,366981360.0,37.81742,-122.477571,10.648536,-0.999356,0.03589,60.0,21.0,7.0,0.276315,1630682534.0,367587050.0,37.843988,-122.468318,7.216951,0.236347,-0.971669,37.0,16.0,0.0,0.574732,1630682534.0,368084240.0,37.825281,-122.47041,11.761933,-0.886474,-0.462779,52.0,34.0,10.0,0.588968,0.0,0.0,9.0
1630682535.0,338331274.0,37.807301,-122.442701,3.36095,-0.97619,-0.216915,36.0,12.0,4.0,0.566139,1630682535.0,366864850.0,37.828311,-122.452243,10.93031,-0.875382,0.483432,60.0,19.0,10.0,0.598728,1630682535.0,366981360.0,37.817422,-122.477633,10.585683,-0.999288,0.037729,60.0,21.0,7.0,0.281262,1630682535.0,367587050.0,37.843956,-122.468308,7.215155,0.23745,-0.9714,37.0,16.0,0.0,0.570353,1630682535.0,368084240.0,37.825256,-122.470471,11.768055,-0.886764,-0.462222,52.0,34.0,10.0,0.584681,0.0,0.0,9.0
1630682536.0,338331274.0,37.807298,-122.44272,3.358263,-0.975899,-0.218221,36.0,12.0,4.0,0.562143,1630682536.0,366864850.0,37.828335,-122.452299,10.936314,-0.875033,0.484063,60.0,19.0,10.0,0.594372,1630682536.0,366981360.0,37.817424,-122.477695,10.518433,-0.999213,0.039655,60.0,21.0,7.0,0.286506,1630682536.0,367587050.0,37.843923,-122.468298,7.213271,0.238579,-0.971123,37.0,16.0,0.0,0.565975,1630682536.0,368084240.0,37.825231,-122.470532,11.774212,-0.887062,-0.46165,52.0,34.0,10.0,0.580392,0.0,0.0,9.0
1630682537.0,338331274.0,37.807294,-122.442739,3.355684,-0.9756,-0.219554,36.0,12.0,4.0,0.55815,1630682537.0,366864850.0,37.82836,-122.452355,10.941562,-0.874671,0.484716,60.0,19.0,10.0,0.590015,1630682537.0,366981360.0,37.817426,-122.477757,10.44679,-0.999131,0.041673,60.0,21.0,7.0,0.292019,1630682537.0,367587050.0,37.843891,-122.468288,7.211299,0.239734,-0.970839,37.0,16.0,0.0,0.561597,1630682537.0,368084240.0,37.825205,-122.470593,11.780406,-0.887367,-0.461063,52.0,34.0,10.0,0.5761,0.0,0.0,9.0
1630682538.0,338331274.0,37.807291,-122.442759,3.353213,-0.975293,-0.220916,36.0,12.0,4.0,0.554161,1630682538.0,366864850.0,37.828384,-122.452411,10.946053,-0.874297,0.485391,60.0,19.0,10.0,0.585656,1630682538.0,366981360.0,37.817428,-122.477818,10.37076,-0.999041,0.043788,60.0,21.0,7.0,0.297776,1630682538.0,367587050.0,37.843858,-122.468278,7.209241,0.240916,-0.970546,37.0,16.0,0.0,0.55722,1630682538.0,368084240.0,37.82518,-122.470655,11.786635,-0.88768,-0.460462,52.0,34.0,10.0,0.571806,0.0,0.0,9.0
1630682539.0,338331274.0,37.807288,-122.442778,3.350851,-0.974977,-0.222305,36.0,12.0,4.0,0.550175,1630682539.0,366864850.0,37.828409,-122.452467,10.949787,-0.873911,0.486087,60.0,19.0,10.0,0.581295,1630682539.0,366981360.0,37.81743,-122.477879,10.290347,-0.998941,0.046005,60.0,21.0,7.0,0.303752,1630682539.0,367587050.0,37.843826,-122.468268,7.207098,0.242125,-0.970245,37.0,16.0,0.0,0.552843,1630682539.0,368084240.0,37.825155,-122.470716,11.792901,-0.887999,-0.459845,52.0,34.0,10.0,0.567508,0.0,0.0,9.0
1630682540.0,338331274.0,37.807284,-122.442797,3.348596,-0.974653,-0.223723,36.0,12.0,4.0,0.546192,1630682540.0,366864850.0,37.828433,-122.452523,10.952766,-0.873511,0.486805,60.0,19.0,10.0,0.576934,1630682540.0,366981360.0,37.817432,-122.477939,10.205559,-0.998832,0.048328,60.0,21.0,7.0,0.309923,1630682540.0,367587050.0,37.843794,-122.468258,7.204869,0.243361,-0.969936,37.0,16.0,0.0,0.548466,1630682540.0,368084240.0,37.82513,-122.470777,11.799205,-0.888326,-0.459214,52.0,34.0,10.0,0.563208,0.0,0.0,9.0
1630682541.0,338331274.0,37.807281,-122.442816,3.346451,-0.97432,-0.225168,36.0,12.0,4.0,0.542212,1630682541.0,366864850.0,37.828458,-122.452579,10.954991,-0.873098,0.487544,60.0,19.0,10.0,0.572572,1630682541.0,366981360.0,37.817434,-122.477999,10.116401,-0.998711,0.050763,60.0,21.0,7.0,0.316266,1630682541.0,367587050.0,37.843761,-122.468247,7.202555,0.244624,-0.969618,37.0,16.0,0.0,0.54409,1630682541.0,368084240.0,37.825105,-122.470839,11.805546,-0.88866,-0.458567,52.0,34.0,10.0,0.558905,0.0,0.0,9.0
1630682542.0,338331274.0,37.807277,-122.442835,3.344416,-0.973978,-0.226641,36.0,12.0,4.0,0.538235,1630682542.0,366864850.0,37.828483,-122.452635,10.956461,-0.872673,0.488306,60.0,19.0,10.0,0.56821,1630682542.0,366981360.0,37.817437,-122.478058,10.02288,-0.998578,0.053316,60.0,21.0,7.0,0.322758,1630682542.0,367587050.0,37.843729,-122.468237,7.200158,0.245913,-0.969292,37.0,16.0,0.0,0.539714,1630682542.0,368084240.0,37.82508,-122.4709,11.811881,-0.888998,-0.45791,52.0,34.0,10.0,0.554599,0.0,0.0,9.0
1630682543.0,338331274.0,37.807274,-122.442854,3.34249,-0.973628,-0.228142,36.0,12.0,4.0,0.534261,1630682543.0,366864850.0,37.828508,-122.452691,10.957179,-0.872234,0.489089,60.0,19.0,10.0,0.563848,1630682543.0,366981360.0,37.817439,-122.478116,9.925005,-0.998431,0.055995,60.0,21.0,7.0,0.329379,1630682543.0,367587050.0,37.843697,-122.468227,7.197678,0.247229,-0.968957,37.0,16.0,0.0,0.535339,1630682543.0,368084240.0,37.825055,-122.470962,11.818032,-0.889332,-0.457262,52.0,34.0,10.0,0.55029,0.0,0.0,9.0
1630682544.0,338331274.0,37.80727,-122.442873,3.340675,-0.973269,-0.22967,36.0,12.0,4.0,0.53029,1630682544.0,366864850.0,37.828532,-122.452747,10.957143,-0.871781,0.489895,60.0,19.0,10.0,0.559486,1630682544.0,366981360.0,37.817442,-122.478174,9.822783,-0.998269,0.058806,60.0,21.0,7.0,0.336107,1630682544.0,367587050.0,37.843664,-122.468216,7.195117,0.248572,-0.968613,37.0,16.0,0.0,0.530964,1630682544.0,368084240.0,37.82503,-122.471023,11.823957,-0.889659,-0.456625,52.0,34.0,10.0,0.545979,0.0,0.0,9.0
1630682545.0,338331274.0,37.807267,-122.442892,3.33897,-0.9729,-0.231225,36.0,12.0,4.0,0.526321,1630682545.0,366864850.0,37.828557,-122.452803,10.956356,-0.871316,0.490723,60.0,19.0,10.0,0.555125,1630682545.0,366981360.0,37.817444,-122.478232,9.716223,-0.998091,0.061757,60.0,21.0,7.0,0.342924,1630682545.0,367587050.0,37.843632,-122.468206,7.192474,0.249942,-0.968261,37.0,16.0,0.0,0.52659,1630682545.0,368084240.0,37.825005,-122.471085,11.829654,-0.889979,-0.456001,52.0,34.0,10.0,0.541664,0.0,0.0,9.0
1630682546.0,338331274.0,37.807263,-122.442911,3.337377,-0.972523,-0.232808,36.0,12.0,4.0,0.522355,1630682546.0,366864850.0,37.828582,-122.452859,10.954818,-0.870836,0.491573,60.0,19.0,10.0,0.550765,1630682546.0,366981360.0,37.817447,-122.478289,9.605336,-0.997895,0.064857,60.0,21.0,7.0,0.349812,1630682546.0,367587050.0,37.8436,-122.468195,7.189751,0.251339,-0.967899,37.0,16.0,0.0,0.522216,1630682546.0,368084240.0,37.82498,-122.471146,11.835123,-0.890293,-0.455389,52.0,34.0,10.0,0.537347,0.0,0.0,9.0
1630682547.0,338331274.0,37.807259,-122.44293,3.335895,-0.972136,-0.234418,36.0,12.0,4.0,0.518391,1630682547.0,366864850.0,37.828607,-122.452915,10.95253,-0.870343,0.492446,60.0,19.0,10.0,0.546406,1630682547.0,366981360.0,37.81745,-122.478345,9.490131,-0.997677,0.068115,60.0,21.0,7.0,0.356754,1630682547.0,367587050.0,37.843568,-122.468185,7.186948,0.252763,-0.967528,37.0,16.0,0.0,0.517843,1630682547.0,368084240.0,37.824955,-122.471208,11.840363,-0.890599,-0.454789,52.0,34.0,10.0,0.533028,0.0,0.0,9.0
1630682548.0,338331274.0,37.807256,-122.442949,3.334526,-0.97174,-0.236054,36.0,12.0,4.0,0.514429,1630682548.0,366864850.0,37.828632,-122.452971,10.949493,-0.869835,0.493342,60.0,19.0,10.0,0.542049,1630682548.0,366981360.0,37.817453,-122.4784,9.370621,-0.997438,0.071541,60.0,21.0,7.0,0.363732,1630682548.0,367587050.0,37.843536,-122.468174,7.184067,0.254215,-0.967148,37.0,16.0,0.0,0.513471,1630682548.0,368084240.0,37.82493,-122.47127,11.845375,-0.890899,-0.454202,52.0,34.0,10.0,0.528706,0.0,0.0,9.0
1630682549.0,338331274.0,37.807252,-122.442968,3.333269,-0.971334,-0.237717,36.0,12.0,4.0,0.510469,1630682549.0,366864850.0,37.828657,-122.453027,10.945707,-0.869314,0.49426,60.0,19.0,10.0,0.537693,1630682549.0,366981360.0,37.817456,-122.478455,9.246818,-0.997172,0.075148,60.0,21.0,7.0,0.370733,1630682549.0,367587050.0,37.843504,-122.468163,7.181108,0.255693,-0.966758,37.0,16.0,0.0,0.509099,1630682549.0,368084240.0,37.824905,-122.471332,11.850157,-0.891192,-0.453627,52.0,34.0,10.0,0.524382,0.0,0.0,9.0
1630682550.0,338331274.0,37.807248,-122.442987,3.332125,-0.970919,-0.239407,36.0,12.0,4.0,0.506511,1630682550.0,366864850.0,37.828682,-122.453082,10.941175,-0.868778,0.495202,60.0,19.0,10.0,0.53334,1630682550.0,366981360.0,37.817459,-122.478509,9.118736,-0.996879,0.078946,60.0,21.0,7.0,0.37774,1630682550.0,367587050.0,37.843471,-122.468152,7.178073,0.257198,-0.966359,37.0,16.0,0.0,0.504728,1630682550.0,368084240.0,37.82488,-122.471393,11.85471,-0.891478,-0.453064,52.0,34.0,10.0,0.520055,0.0,0.0,9.0
1630682551.0,338331274.0,37.807245,-122.443006,3.331095,-0.970495,-0.241123,36.0,12.0,4.0,0.502555,1630682551.0,366864850.0,37.828707,-122.453138,10.935895,-0.868227,0.496167,60.0,19.0,10.0,0.528989,1630682551.0,366981360.0,37.817463,-122.478562,8.986391,-0.996554,0.082949,60.0,21.0,7.0,0.384739,1630682551.0,367587050.0,37.843439,-122.468142,7.174961,0.258731,-0.965949,37.0,16.0,0.0,0.500358,1630682551.0,368084240.0,37.824856,-122.471455,11.859034,-0.891758,-0.452512,52.0,34.0,10.0,0.515727,0.0,0.0,9.0
1630682552.0,338331274.0,37.807241,-122.443025,3.330179,-0.97006,-0.242865,36.0,12.0,4.0,0.4986,1630682552.0,366864850.0,37.828732,-122.453194,10.92987,-0.867662,0.497155,60.0,19.0,10.0,0.524641,1630682552.0,366981360.0,37.817466,-122.478615,8.8498,-0.996193,0.087173,60.0,21.0,7.0,0.391719,1630682552.0,367587050.0,37.843407,-122.468131,7.171775,0.260291,-0.96553,37.0,16.0,0.0,0.495989,1630682552.0,368084240.0,37.824831,-122.471517,11.863128,-0.892031,-0.451973,52.0,34.0,10.0,0.511396,0.0,0.0,9.0
1630682553.0,338331274.0,37.807237,-122.443044,3.329377,-0.969616,-0.244633,36.0,12.0,4.0,0.494647,1630682553.0,366864850.0,37.828757,-122.453249,10.923101,-0.867081,0.498167,60.0,19.0,10.0,0.520297,1630682553.0,366981360.0,37.81747,-122.478666,8.708982,-0.995793,0.091634,60.0,21.0,7.0,0.398665,1630682553.0,367587050.0,37.843375,-122.46812,7.168515,0.261879,-0.965101,37.0,16.0,0.0,0.491621,1630682553.0,368084240.0,37.824806,-122.471579,11.866991,-0.892298,-0.451446,52.0,34.0,10.0,0.507064,0.0,0.0,9.0
1630682554.0,338331274.0,37.807234,-122.443063,3.32869,-0.969161,-0.246427,36.0,12.0,4.0,0.490696,1630682554.0,366864850.0,37.828782,-122.453305,10.915589,-0.866485,0.499202,60.0,19.0,10.0,0.515956,1630682554.0,366981360.0,37.817473,-122.478717,8.563957,-0.995348,0.096349,60.0,21.0,7.0,0.405567,1630682554.0,367587050.0,37.843343,-122.468109,7.165183,0.263494,-0.964661,37.0,16.0,0.0,0.487253,1630682554.0,368084240.0,37.824781,-122.471641,11.870624,-0.892559,-0.450931,52.0,34.0,10.0,0.502729,0.0,0.0,9.0
1630682555.0,338331274.0,37.80723,-122.443082,3.328119,-0.968697,-0.248246,36.0,12.0,4.0,0.486745,1630682555.0,366864850.0,37.828808,-122.45336,10.907334,-0.865874,0.500262,60.0,19.0,10.0,0.511618,1630682555.0,366981360.0,37.817477,-122.478767,8.414748,-0.994852,0.101338,60.0,21.0,7.0,0.412411,1630682555.0,367587050.0,37.843311,-122.468098,7.161778,0.265136,-0.964211,37.0,16.0,0.0,0.482887,1630682555.0,368084240.0,37.824756,-122.471703,11.874026,-0.892813,-0.450428,52.0,34.0,10.0,0.498393,0.0,0.0,9.0
1630682556.0,338331274.0,37.807226,-122.443101,3.327664,-0.968222,-0.250091,36.0,12.0,4.0,0.482796,1630682556.0,366864850.0,37.828833,-122.453415,10.898338,-0.865247,0.501346,60.0,19.0,10.0,0.507285,1630682556.0,366981360.0,37.817481,-122.478816,8.261382,-0.994299,0.106625,60.0,21.0,7.0,0.419189,1630682556.0,367587050.0,37.843279,-122.468087,7.158303,0.266806,-0.96375,37.0,16.0,0.0,0.478521,1630682556.0,368084240.0,37.824732,-122.471765,11.877197,-0.89306,-0.449937,52.0,34.0,10.0,0.494055,0.0,0.0,9.0
1630682557.0,338331274.0,37.807222,-122.44312,3.327325,-0.967737,-0.251961,36.0,12.0,4.0,0.478848,1630682557.0,366864850.0,37.828858,-122.453471,10.888602,-0.864604,0.502454,60.0,19.0,10.0,0.502956,1630682557.0,366981360.0,37.817485,-122.478864,8.103887,-0.993682,0.112232,60.0,21.0,7.0,0.425888,1630682557.0,367587050.0,37.843247,-122.468075,7.154758,0.268503,-0.963279,37.0,16.0,0.0,0.474156,1630682557.0,368084240.0,37.824707,-122.471828,11.880136,-0.893301,-0.449458,52.0,34.0,10.0,0.489716,0.0,0.0,9.0
1630682558.0,338331274.0,37.807218,-122.443138,3.327104,-0.967242,-0.253855,36.0,12.0,4.0,0.474901,1630682558.0,366864850.0,37.828884,-122.453526,10.878127,-0.863944,0.503587,60.0,19.0,10.0,0.498632,1630682558.0,366981360.0,37.817489,-122.478911,7.942295,-0.992991,0.118189,60.0,21.0,7.0,0.432499,1630682558.0,367587050.0,37.843215,-122.468064,7.151144,0.270228,-0.962796,37.0,16.0,0.0,0.469793,1630682558.0,368084240.0,37.824682,-122.47189,11.882844,-0.893536,-0.448991,52.0,34.0,10.0,0.485375,0.0,0.0,9.0
1630682559.0,338331274.0,37.807214,-122.443157,3.327,-0.966736,-0.255775,36.0,12.0,4.0,0.470954,1630682559.0,366864850.0,37.828909,-122.453581,10.866914,-0.863268,0.504745,60.0,19.0,10.0,0.494313,1630682559.0,366981360.0,37.817494,-122.478958,7.776641,-0.992217,0.124524,60.0,21.0,7.0,0.439012,1630682559.0,367587050.0,37.843184,-122.468053,7.147463,0.271981,-0.962303,37.0,16.0,0.0,0.46543,1630682559.0,368084240.0,37.824658,-122.471952,11.885321,-0.893765,-0.448535,52.0,34.0,10.0,0.481033,0.0,0.0,9.0
1630682560.0,338331274.0,37.80721,-122.443176,3.327014,-0.96622,-0.257718,36.0,12.0,4.0,0.467008,1630682560.0,366864850.0,37.828934,-122.453636,10.854965,-0.862576,0.505928,60.0,19.0,10.0,0.49,1630682560.0,366981360.0,37.817498,-122.479003,7.606968,-0.991346,0.131274,60.0,21.0,7.0,0.445419,1630682560.0,367587050.0,37.843152,-122.468041,7.143716,0.273761,-0.961798,37.0,16.0,0.0,0.461069,1630682560.0,368084240.0,37.824633,-122.472014,11.887565,-0.893988,-0.448092,52.0,34.0,10.0,0.476689,0.0,0.0,9.0
1630682561.0,338331274.0,37.807206,-122.443195,3.327146,-0.965693,-0.259686,36.0,12.0,4.0,0.463062,1630682561.0,366864850.0,37.82896,-122.453691,10.842281,-0.861866,0.507137,60.0,19.0,10.0,0.485692,1630682561.0,366981360.0,37.817503,-122.479047,7.43332,-0.990366,0.138475,60.0,21.0,7.0,0.451709,1630682561.0,367587050.0,37.84312,-122.46803,7.139904,0.275555,-0.961285,37.0,16.0,0.0,0.456709,1630682561.0,368084240.0,37.824608,-122.472076,11.889576,-0.894204,-0.44766,52.0,34.0,10.0,0.472345,0.0,0.0,9.0
1630682562.0,338331274.0,37.807202,-122.443214,3.327398,-0.965155,-0.261678,36.0,12.0,4.0,0.459117,1630682562.0,366864850.0,37.828985,-122.453745,10.828864,-0.861138,0.508371,60.0,19.0,10.0,0.48139,1630682562.0,366981360.0,37.817508,-122.47909,7.255749,-0.989259,0.146171,60.0,21.0,7.0,0.457875,1630682562.0,367587050.0,37.843088,-122.468018,7.136031,0.277307,-0.960781,37.0,16.0,0.0,0.45235,1630682562.0,368084240.0,37.824584,-122.472139,11.891356,-0.894414,-0.44724,52.0,34.0,10.0,0.467999,0.0,0.0,9.0
1630682563.0,338331274.0,37.807198,-122.443233,3.327769,-0.964606,-0.263694,36.0,12.0,4.0,0.455172,1630682563.0,366864850.0,37.829011,-122.4538,10.814714,-0.860393,0.509632,60.0,19.0,10.0,0.477094,1630682563.0,366981360.0,37.817513,-122.479132,7.074315,-0.988007,0.154411,60.0,21.0,7.0,0.463908,1630682563.0,367587050.0,37.843057,-122.468007,7.132095,0.279002,-0.96029,37.0,16.0,0.0,0.447992,1630682563.0,368084240.0,37.824559,-122.472201,11.892902,-0.894618,-0.446832,52.0,34.0,10.0,0.463652,0.0,0.0,9.0
1630682564.0,338331274.0,37.807194,-122.443251,3.328261,-0.964047,-0.265733,36.0,12.0,4.0,0.451227,1630682564.0,366864850.0,37.829036,-122.453854,10.799833,-0.859629,0.510918,60.0,19.0,10.0,0.472806,1630682564.0,366981360.0,37.817518,-122.479173,6.889086,-0.986585,0.16325,60.0,21.0,7.0,0.469799,1630682564.0,367587050.0,37.843025,-122.467995,7.128094,0.280641,-0.959813,37.0,16.0,0.0,0.443636,1630682564.0,368084240.0,37.824534,-122.472263,11.894216,-0.894816,-0.446435,52.0,34.0,10.0,0.459304,0.0,0.0,9.0
1630682565.0,338331274.0,37.80719,-122.44327,3.328873,-0.963476,-0.267794,36.0,12.0,4.0,0.447282,1630682565.0,366864850.0,37.829062,-122.453909,10.784222,-0.858847,0.512232,60.0,19.0,10.0,0.468524,1630682565.0,366981360.0,37.817523,-122.479213,6.700137,-0.984965,0.172752,60.0,21.0,7.0,0.475542,1630682565.0,367587050.0,37.842993,-122.467984,7.124026,0.282225,-0.959348,37.0,16.0,0.0,0.439281,1630682565.0,368084240.0,37.82451,-122.472326,11.895296,-0.895008,-0.44605,52.0,34.0,10.0,0.454956,0.0,0.0,9.0
1630682566.0,338331274.0,37.807186,-122.443289,3.329607,-0.962894,-0.269879,36.0,12.0,4.0,0.443337,1630682566.0,366864850.0,37.829087,-122.453963,10.767884,-0.858047,0.513572,60.0,19.0,10.0,0.464249,1630682566.0,366981360.0,37.817528,-122.479251,6.50756,-0.983115,0.182986,60.0,21.0,7.0,0.481128,1630682566.0,367587050.0,37.842962,-122.467972,7.119888,0.283752,-0.958898,37.0,16.0,0.0,0.434928,1630682566.0,368084240.0,37.824485,-122.472388,11.896143,-0.895194,-0.445677,52.0,34.0,10.0,0.450607,0.0,0.0,9.0
1630682567.0,338331274.0,37.807182,-122.443308,3.330462,-0.962301,-0.271987,36.0,12.0,4.0,0.439391,1630682567.0,366864850.0,37.829113,-122.454017,10.750819,-0.857227,0.514939,60.0,19.0,10.0,0.459982,1630682567.0,366981360.0,37.817534,-122.479289,6.311458,-0.980994,0.194036,60.0,21.0,7.0,0.48655,1630682567.0,367587050.0,37.84293,-122.46796,7.11568,0.285222,-0.958461,37.0,16.0,0.0,0.430576,1630682567.0,368084240.0,37.824461,-122.47245,11.896756,-0.895374,-0.445316,52.0,34.0,10.0,0.446257,0.0,0.0,9.0
1630682568.0,338331274.0,37.807178,-122.443326,3.33144,-0.961697,-0.274116,36.0,12.0,4.0,0.435445,1630682568.0,366864850.0,37.829138,-122.454071,10.733029,-0.856387,0.516335,60.0,19.0,10.0,0.455723,1630682568.0,366981360.0,37.817539,-122.479325,6.111951,-0.978553,0.205994,60.0,21.0,7.0,0.4918,1630682568.0,367587050.0,37.842898,-122.467948,7.111398,0.286637,-0.958039,37.0,16.0,0.0,0.426226,1630682568.0,368084240.0,37.824436,-122.472513,11.897136,-0.895548,-0.444966,52.0,34.0,10.0,0.441907,0.0,0.0,9.0
1630682569.0,338331274.0,37.807174,-122.443345,3.332541,-0.961081,-0.276268,36.0,12.0,4.0,0.431498,1630682569.0,366864850.0,37.829164,-122.454125,10.714516,-0.855527,0.517758,60.0,19.0,10.0,0.451472,1630682569.0,366981360.0,37.817545,-122.47936,5.909179,-0.975732,0.218967,60.0,21.0,7.0,0.496873,1630682569.0,367587050.0,37.842867,-122.467936,7.107042,0.287996,-0.957632,37.0,16.0,0.0,0.421878,1630682569.0,368084240.0,37.824412,-122.472575,11.897281,-0.895716,-0.444628,52.0,34.0,10.0,0.437556,0.0,0.0,9.0
1630682570.0,338331274.0,37.807169,-122.443364,3.333765,-0.960453,-0.278441,36.0,12.0,4.0,0.427551,1630682570.0,366864850.0,37.82919,-122.454179,10.695281,-0.854647,0.519209,60.0,19.0,10.0,0.44723,1630682570.0,366981360.0,37.817551,-122.479394,5.703309,-0.972457,0.233081,60.0,21.0,7.0,0.50176,1630682570.0,367587050.0,37.842835,-122.467924,7.102609,0.289299,-0.957239,37.0,16.0,0.0,0.417532,1630682570.0,368084240.0,37.824387,-122.472638,11.897193,-0.895878,-0.444301,52.0,34.0,10.0,0.433205,0.0,0.0,9.0
1630682571.0,338331274.0,37.807165,-122.443383,3.335113,-0.959815,-0.280635,36.0,12.0,4.0,0.423603,1630682571.0,366864850.0,37.829215,-122.454232,10.675327,-0.853747,0.520689,60.0,19.0,10.0,0.442996,1630682571.0,366981360.0,37.817557,-122.479426,5.494537,-0.968638,0.248478,60.0,21.0,7.0,0.506455,1630682571.0,367587050.0,37.842804,-122.467912,7.098097,0.290545,-0.956861,37.0,16.0,0.0,0.413188,1630682571.0,368084240.0,37.824363,-122.4727,11.89687,-0.896034,-0.443986,52.0,34.0,10.0,0.428853,0.0,0.0,9.0
1630682572.0,338331274.0,37.807161,-122.443401,3.336586,-0.959164,-0.282851,36.0,12.0,4.0,0.419653,1630682572.0,366864850.0,37.829241,-122.454286,10.654655,-0.852824,0.522198,60.0,19.0,10.0,0.438772,1630682572.0,366981360.0,37.817564,-122.479458,5.283097,-0.96416,0.265323,60.0,21.0,7.0,0.510952,1630682572.0,367587050.0,37.842773,-122.4679,7.093505,0.291736,-0.956499,37.0,16.0,0.0,0.408846,1630682572.0,368084240.0,37.824338,-122.472762,11.896313,-0.896184,-0.443683,52.0,34.0,10.0,0.424502,0.0,0.0,9.0
1630682573.0,338331274.0,37.807156,-122.44342,3.338184,-0.958502,-0.285087,36.0,12.0,4.0,0.415703,1630682573.0,366864850.0,37.829267,-122.454339,10.633266,-0.851881,0.523736,60.0,19.0,10.0,0.434557,1630682573.0,366981360.0,37.81757,-122.479487,5.069268,-0.958881,0.283809,60.0,21.0,7.0,0.515243,1630682573.0,367587050.0,37.842741,-122.467888,7.088832,0.29287,-0.956152,37.0,16.0,0.0,0.404507,1630682573.0,368084240.0,37.824314,-122.472825,11.895521,-0.896328,-0.443391,52.0,34.0,10.0,0.42015,0.0,0.0,9.0
1630682574.0,338331274.0,37.807152,-122.443439,3.339908,-0.957828,-0.287343,36.0,12.0,4.0,0.411751,1630682574.0,366864850.0,37.829293,-122.454392,10.611163,-0.850915,0.525304,60.0,19.0,10.0,0.430352,1630682574.0,366981360.0,37.817577,-122.479516,4.853388,-0.952622,0.304158,60.0,21.0,7.0,0.519323,1630682574.0,367587050.0,37.84271,-122.467876,7.084076,0.293949,-0.955821,37.0,16.0,0.0,0.400169,1630682574.0,368084240.0,37.82429,-122.472887,11.894494,-0.896467,-0.443111,52.0,34.0,10.0,0.415799,0.0,0.0,9.0
1630682575.0,338331274.0,37.807147,-122.443458,3.341758,-0.957142,-0.28962,36.0,12.0,4.0,0.407798,1630682575.0,366864850.0,37.829318,-122.454445,10.588349,-0.849926,0.526902,60.0,19.0,10.0,0.426158,1630682575.0,366981360.0,37.817584,-122.479543,4.635869,-0.945152,0.32663,60.0,21.0,7.0,0.523186,1630682575.0,367587050.0,37.842678,-122.467863,7.079235,0.294971,-0.955506,37.0,16.0,0.0,0.395835,1630682575.0,368084240.0,37.824265,-122.47295,11.893233,-0.896599,-0.442843,52.0,34.0,10.0,0.411448,0.0,0.0,9.0
1630682576.0,338331274.0,37.807143,-122.443476,3.343735,-0.956444,-0.291916,36.0,12.0,4.0,0.403843,1630682576.0,366864850.0,37.829344,-122.454497,10.564823,-0.848914,0.528531,60.0,19.0,10.0,0.421973,1630682576.0,366981360.0,37.817591,-122.479569,4.417214,-0.936179,0.351523,60.0,21.0,7.0,0.526824,1630682576.0,367587050.0,37.842647,-122.467851,7.074308,0.295938,-0.955207,37.0,16.0,0.0,0.391502,1630682576.0,368084240.0,37.824241,-122.473012,11.891736,-0.896726,-0.442586,52.0,34.0,10.0,0.407097,0.0,0.0,9.0
1630682577.0,338331274.0,37.807138,-122.443495,3.345839,-0.955734,-0.294231,36.0,12.0,4.0,0.399887,1630682577.0,366864850.0,37.82937,-122.45455,10.540942,-0.847886,0.530178,60.0,19.0,10.0,0.4178,1630682577.0,366981360.0,37.817598,-122.479593,4.198044,-0.925323,0.379179,60.0,21.0,7.0,0.530233,1630682577.0,367587050.0,37.842616,-122.467839,7.069294,0.296848,-0.954925,37.0,16.0,0.0,0.387172,1630682577.0,368084240.0,37.824216,-122.473075,11.890004,-0.896847,-0.442341,52.0,34.0,10.0,0.402746,0.0,0.0,9.0
1630682578.0,338331274.0,37.807134,-122.443514,3.348072,-0.955012,-0.296566,36.0,12.0,4.0,0.395929,1630682578.0,366864850.0,37.829396,-122.454602,10.51811,-0.846875,0.531792,60.0,19.0,10.0,0.413637,1630682578.0,366981360.0,37.817605,-122.479616,3.979133,-0.912092,0.409986,60.0,21.0,7.0,0.533405,1630682578.0,367587050.0,37.842585,-122.467827,7.064192,0.297702,-0.954659,37.0,16.0,0.0,0.382845,1630682578.0,368084240.0,37.824192,-122.473137,11.888037,-0.896962,-0.442107,52.0,34.0,10.0,0.398396,0.0,0.0,9.0
1630682579.0,338331274.0,37.807129,-122.443533,3.350433,-0.954279,-0.298919,36.0,12.0,4.0,0.391969,1630682579.0,366864850.0,37.829422,-122.454655,10.496675,-0.845889,0.53336,60.0,19.0,10.0,0.409485,1630682579.0,366981360.0,37.817613,-122.479637,3.76145,-0.895842,0.444373,60.0,21.0,7.0,0.536336,1630682579.0,367587050.0,37.842553,-122.467814,7.059,0.2985,-0.95441,37.0,16.0,0.0,0.378521,1630682579.0,368084240.0,37.824168,-122.4732,11.885834,-0.897072,-0.441885,52.0,34.0,10.0,0.394046,0.0,0.0,9.0
1630682580.0,338331274.0,37.807125,-122.443551,3.352923,-0.953532,-0.30129,36.0,12.0,4.0,0.388006,1630682580.0,366864850.0,37.829448,-122.454707,10.476636,-0.844928,0.53488,60.0,19.0,10.0,0.405343,1630682580.0,366981360.0,37.81762,-122.479657,3.546217,-0.875732,0.482798,60.0,21.0,7.0,0.53902,1630682580.0,367587050.0,37.842522,-122.467802,7.053718,0.299241,-0.954178,37.0,16.0,0.0,0.3742,1630682580.0,368084240.0,37.824144,-122.473262,11.883396,-0.897176,-0.441674,52.0,34.0,10.0,0.389697,0.0,0.0,9.0
1630682581.0,338331274.0,37.80712,-122.44357,3.355543,-0.952774,-0.303679,36.0,12.0,4.0,0.384042,1630682581.0,366864850.0,37.829474,-122.454758,10.457988,-0.843995,0.536352,60.0,19.0,10.0,0.40121,1630682581.0,366981360.0,37.817628,-122.479675,3.334988,-0.850663,0.525712,60.0,21.0,7.0,0.54145,1630682581.0,367587050.0,37.842491,-122.46779,7.048344,0.299926,-0.953962,37.0,16.0,0.0,0.369882,1630682581.0,368084240.0,37.824119,-122.473325,11.880722,-0.897274,-0.441475,52.0,34.0,10.0,0.385349,0.0,0.0,9.0
1630682582.0,338331274.0,37.807115,-122.443589,3.358293,-0.952004,-0.306086,36.0,12.0,4.0,0.380075,1630682582.0,366864850.0,37.8295,-122.45481,10.440728,-0.843089,0.537775,60.0,19.0,10.0,0.397085,1630682582.0,366981360.0,37.817637,-122.479691,3.129742,-0.819207,0.573499,60.0,21.0,7.0,0.54362,1630682582.0,367587050.0,37.84246,-122.467777,7.042878,0.300555,-0.953764,37.0,16.0,0.0,0.365566,1630682582.0,368084240.0,37.824095,-122.473387,11.877813,-0.897366,-0.441287,52.0,34.0,10.0,0.381001,0.0,0.0,9.0
1630682583.0,338331274.0,37.807111,-122.443607,3.361174,-0.951221,-0.30851,36.0,12.0,4.0,0.376106,1630682583.0,366864850.0,37.829525,-122.454862,10.424853,-0.842211,0.539148,60.0,19.0,10.0,0.392969,1630682583.0,366981360.0,37.817645,-122.479706,2.933004,-0.779543,0.626348,60.0,21.0,7.0,0.545527,1630682583.0,367587050.0,37.842429,-122.467765,7.037319,0.301128,-0.953584,37.0,16.0,0.0,0.361254,1630682583.0,368084240.0,37.824071,-122.473449,11.874667,-0.897452,-0.441112,52.0,34.0,10.0,0.376655,0.0,0.0,9.0
1630682584.0,338331274.0,37.807106,-122.443626,3.364186,-0.950426,-0.310951,36.0,12.0,4.0,0.372134,1630682584.0,366864850.0,37.829551,-122.454913,10.41036,-0.841362,0.540472,60.0,19.0,10.0,0.388861,1630682584.0,366981360.0,37.817653,-122.47972,2.747977,-0.729425,0.68406,60.0,21.0,7.0,0.547163,1630682584.0,367587050.0,37.842398,-122.467752,7.031665,0.301644,-0.953421,37.0,16.0,0.0,0.356946,1630682584.0,368084240.0,37.824046,-122.473512,11.871286,-0.897533,-0.440947,52.0,34.0,10.0,0.372309,0.0,0.0,9.0
1630682585.0,338331274.0,37.807101,-122.443645,3.36733,-0.949619,-0.313408,36.0,12.0,4.0,0.368159,1630682585.0,366864850.0,37.829578,-122.454964,10.397246,-0.840543,0.541745,60.0,19.0,10.0,0.384759,1630682585.0,366981360.0,37.817662,-122.479732,2.578673,-0.666244,0.745733,60.0,21.0,7.0,0.548523,1630682585.0,367587050.0,37.842367,-122.46774,7.025917,0.302103,-0.953275,37.0,16.0,0.0,0.35264,1630682585.0,368084240.0,37.824022,-122.473574,11.867668,-0.897608,-0.440794,52.0,34.0,10.0,0.367964,0.0,0.0,9.0
1630682586.0,338331274.0,37.807096,-122.443664,3.370607,-0.948799,-0.315881,36.0,12.0,4.0,0.364181,1630682586.0,366864850.0,37.829604,-122.455016,10.385508,-0.839754,0.542967,60.0,19.0,10.0,0.380664,1630682586.0,366981360.0,37.817671,-122.479742,2.429988,-0.587308,0.809363,60.0,21.0,7.0,0.549602,1630682586.0,367587050.0,37.842336,-122.467728,7.020074,0.302505,-0.953148,37.0,16.0,0.0,0.348338,1630682586.0,368084240.0,37.823998,-122.473637,11.863815,-0.897677,-0.440653,52.0,34.0,10.0,0.363621,0.0,0.0,9.0
1630682587.0,338331274.0,37.807091,-122.443682,3.374017,-0.947967,-0.31837,36.0,12.0,4.0,0.3602,1630682587.0,366864850.0,37.82963,-122.455067,10.375143,-0.838996,0.544137,60.0,19.0,10.0,0.376575,1630682587.0,366981360.0,37.81768,-122.47975,2.308166,-0.491,0.87116,60.0,21.0,7.0,0.550395,1630682587.0,367587050.0,37.842305,-122.467715,7.014135,0.302851,-0.953038,37.0,16.0,0.0,0.34404,1630682587.0,368084240.0,37.823974,-122.473699,11.859725,-0.897741,-0.440523,52.0,34.0,10.0,0.359279,0.0,0.0,9.0
1630682588.0,338331274.0,37.807086,-122.443701,3.377561,-0.947122,-0.320874,36.0,12.0,4.0,0.356216,1630682588.0,366864850.0,37.829656,-122.455118,10.366149,-0.83827,0.545255,60.0,19.0,10.0,0.372491,1630682588.0,366981360.0,37.817689,-122.479757,2.220269,-0.379443,0.925215,60.0,21.0,7.0,0.550897,1630682588.0,367587050.0,37.842274,-122.467703,7.0081,0.30314,-0.952946,37.0,16.0,0.0,0.339745,1630682588.0,368084240.0,37.82395,-122.473761,11.855399,-0.897799,-0.440405,52.0,34.0,10.0,0.354939,0.0,0.0,9.0
1630682589.0,338331274.0,37.807081,-122.44372,3.381238,-0.946265,-0.323392,36.0,12.0,4.0,0.352229,1630682589.0,366864850.0,37.829682,-122.455169,10.358524,-0.837576,0.546321,60.0,19.0,10.0,0.368412,1630682589.0,366981360.0,37.817699,-122.479762,2.169346,-0.256349,0.966584,60.0,21.0,7.0,0.551111,1630682589.0,367587050.0,37.842243,-122.46769,7.001968,0.303372,-0.952872,37.0,16.0,0.0,0.335454,1630682589.0,368084240.0,37.823926,-122.473824,11.850836,-0.897851,-0.440299,52.0,34.0,10.0,0.3506,0.0,0.0,9.0
1630682590.0,338331274.0,37.807076,-122.443739,3.385051,-0.945396,-0.325925,36.0,12.0,4.0,0.348238,1630682590.0,366864850.0,37.829708,-122.455219,10.352263,-0.836915,0.547333,60.0,19.0,10.0,0.364336,1630682590.0,366981360.0,37.817709,-122.479765,2.15618,-0.12719,0.991878,60.0,21.0,7.0,0.55104,1630682590.0,367587050.0,37.842212,-122.467678,6.995739,0.303546,-0.952817,37.0,16.0,0.0,0.331167,1630682590.0,368084240.0,37.823901,-122.473886,11.846038,-0.897898,-0.440204,52.0,34.0,10.0,0.346262,0.0,0.0,9.0
1630682591.0,338331274.0,37.807071,-122.443757,3.388999,-0.944514,-0.328472,36.0,12.0,4.0,0.344243,1630682591.0,366864850.0,37.829734,-122.45527,10.347366,-0.836287,0.548292,60.0,19.0,10.0,0.360265,1630682591.0,366981360.0,37.817718,-122.479766,2.179669,0.001438,0.999999,60.0,21.0,7.0,0.550689,1630682591.0,367587050.0,37.842181,-122.467665,6.989413,0.303664,-0.952779,37.0,16.0,0.0,0.326884,1630682591.0,368084240.0,37.823877,-122.473948,11.841002,-0.897939,-0.440121,52.0,34.0,10.0,0.341926,0.0,0.0,9.0
1630682592.0,338331274.0,37.807066,-122.443776,3.393083,-0.943619,-0.331033,36.0,12.0,4.0,0.340245,1630682592.0,366864850.0,37.829761,-122.455321,10.34383,-0.835693,0.549197,60.0,19.0,10.0,0.356196,1630682592.0,366981360.0,37.817728,-122.479766,2.236943,0.123393,0.992358,60.0,21.0,7.0,0.550062,1630682592.0,367587050.0,37.842151,-122.467653,6.98299,0.303724,-0.95276,37.0,16.0,0.0,0.322605,1630682592.0,368084240.0,37.823853,-122.474011,11.835731,-0.897974,-0.440049,52.0,34.0,10.0,0.337592,0.0,0.0,9.0
1630682593.0,338331274.0,37.807061,-122.443795,3.397303,-0.942712,-0.333607,36.0,12.0,4.0,0.336243,1630682593.0,366864850.0,37.829787,-122.455371,10.341653,-0.835133,0.550049,60.0,19.0,10.0,0.352129,1630682593.0,366981360.0,37.817739,-122.479765,2.323886,0.234273,0.972171,60.0,21.0,7.0,0.549161,1630682593.0,367587050.0,37.84212,-122.46764,6.976469,0.303726,-0.952759,37.0,16.0,0.0,0.318331,1630682593.0,368084240.0,37.823829,-122.474073,11.830223,-0.898003,-0.439989,52.0,34.0,10.0,0.33326,0.0,0.0,9.0
1630682594.0,338331274.0,37.807055,-122.443814,3.40166,-0.941793,-0.336194,36.0,12.0,4.0,0.332236,1630682594.0,366864850.0,37.829813,-122.455422,10.340832,-0.834607,0.550846,60.0,19.0,10.0,0.348064,1630682594.0,366981360.0,37.817749,-122.479762,2.435801,0.331857,0.94333,60.0,21.0,7.0,0.547993,1630682594.0,367587050.0,37.842089,-122.467628,6.969851,0.30367,-0.952777,37.0,16.0,0.0,0.31406,1630682594.0,368084240.0,37.823805,-122.474135,11.824478,-0.898027,-0.439941,52.0,34.0,10.0,0.32893,0.0,0.0,9.0
1630682595.0,338331274.0,37.80705,-122.443832,3.406155,-0.940861,-0.338793,36.0,12.0,4.0,0.328226,1630682595.0,366864850.0,37.82984,-122.455473,10.341367,-0.834116,0.551588,60.0,19.0,10.0,0.344001,1630682595.0,366981360.0,37.81776,-122.479757,2.568008,0.415793,0.909459,60.0,21.0,7.0,0.54656,1630682595.0,367587050.0,37.842058,-122.467616,6.963136,0.303557,-0.952813,37.0,16.0,0.0,0.309794,1630682595.0,368084240.0,37.823781,-122.474197,11.818497,-0.898045,-0.439904,52.0,34.0,10.0,0.324602,0.0,0.0,9.0
1630682596.0,338331274.0,37.807045,-122.443851,3.410788,-0.939917,-0.341404,36.0,12.0,4.0,0.324211,1630682596.0,366864850.0,37.829866,-122.455523,10.343254,-0.833661,0.552276,60.0,19.0,10.0,0.339938,1630682596.0,366981360.0,37.817771,-122.479751,2.716226,0.486961,0.873424,60.0,21.0,7.0,0.544866,1630682596.0,367587050.0,37.842028,-122.467603,6.956323,0.303386,-0.952868,37.0,16.0,0.0,0.305532,1630682596.0,368084240.0,37.823757,-122.474259,11.812279,-0.898057,-0.439879,52.0,34.0,10.0,0.320276,0.0,0.0,9.0
1630682597.0,338331274.0,37.807039,-122.44387,3.41556,-0.93896,-0.344026,36.0,12.0,4.0,0.320192,1630682597.0,366864850.0,37.829892,-122.455574,10.346492,-0.833242,0.552909,60.0,19.0,10.0,0.335875,1630682597.0,366981360.0,37.817782,-122.479743,2.876758,0.546845,0.837234,60.0,21.0,7.0,0.542917,1630682597.0,367587050.0,37.841997,-122.467591,6.949413,0.303156,-0.952941,37.0,16.0,0.0,0.301274,1630682597.0,368084240.0,37.823733,-122.474322,11.805825,-0.898064,-0.439866,52.0,34.0,10.0,0.315952,0.0,0.0,9.0
1630682598.0,338331274.0,37.807034,-122.443889,3.420471,-0.937991,-0.34666,36.0,12.0,4.0,0.316168,1630682598.0,366864850.0,37.829919,-122.455624,10.351081,-0.832858,0.553487,60.0,19.0,10.0,0.331811,1630682598.0,366981360.0,37.817793,-122.479734,3.046524,0.597107,0.802162,60.0,21.0,7.0,0.540715,1630682598.0,367587050.0,37.841966,-122.467579,6.942407,0.302867,-0.953033,37.0,16.0,0.0,0.297021,1630682598.0,368084240.0,37.823709,-122.474384,11.799134,-0.898064,-0.439864,52.0,34.0,10.0,0.311631,0.0,0.0,9.0
1630682599.0,338331274.0,37.807028,-122.443907,3.425521,-0.937009,-0.349304,36.0,12.0,4.0,0.312139,1630682599.0,366864850.0,37.829945,-122.455675,10.357018,-0.83251,0.55401,60.0,19.0,10.0,0.327746,1630682599.0,366981360.0,37.817804,-122.479723,3.22301,0.63933,0.768932,60.0,21.0,7.0,0.538266,1630682599.0,367587050.0,37.841936,-122.467566,6.935305,0.30252,-0.953143,37.0,16.0,0.0,0.292773,1630682599.0,368084240.0,37.823685,-122.474446,11.792206,-0.898059,-0.439874,52.0,34.0,10.0,0.307312,0.0,0.0,9.0
1630682600.0,338331274.0,37.807023,-122.443926,3.430712,-0.936016,-0.351959,36.0,12.0,4.0,0.308105,1630682600.0,366864850.0,37.829972,-122.455725,10.364302,-0.832198,0.554478,60.0,19.0,10.0,0.32368,1630682600.0,366981360.0,37.817816,-122.479711,3.404193,0.674917,0.737893,60.0,21.0,7.0,0.535574,1630682600.0,367587050.0,37.841905,-122.467554,6.928106,0.302115,-0.953272,37.0,16.0,0.0,0.28853,1630682600.0,368084240.0,37.823661,-122.474508,11.785042,-0.898049,-0.439896,52.0,34.0,10.0,0.302995,0.0,0.0,9.0
1630682601.0,338331274.0,37.807017,-122.443945,3.436043,-0.935009,-0.354623,36.0,12.0,4.0,0.304066,1630682601.0,366864850.0,37.829998,-122.455776,10.372932,-0.831923,0.554891,60.0,19.0,10.0,0.319611,1630682601.0,366981360.0,37.817827,-122.479697,3.588448,0.705051,0.709156,60.0,21.0,7.0,0.532642,1630682601.0,367587050.0,37.841875,-122.467542,6.920813,0.301649,-0.953419,37.0,16.0,0.0,0.284291,1630682601.0,368084240.0,37.823637,-122.47457,11.777641,-0.898032,-0.43993,52.0,34.0,10.0,0.298682,0.0,0.0,9.0
1630682602.0,338331274.0,37.807012,-122.443964,3.441516,-0.933991,-0.357297,36.0,12.0,4.0,0.300023,1630682602.0,366864850.0,37.830025,-122.455826,10.382907,-0.831684,0.555249,60.0,19.0,10.0,0.315539,1630682602.0,366981360.0,37.817839,-122.479683,3.774476,0.730709,0.682689,60.0,21.0,7.0,0.529476,1630682602.0,367587050.0,37.841844,-122.467529,6.913424,0.301125,-0.953585,37.0,16.0,0.0,0.280058,1630682602.0,368084240.0,37.823613,-122.474632,11.770004,-0.89801,-0.439975,52.0,34.0,10.0,0.294371,0.0,0.0,9.0
1630682603.0,338331274.0,37.807006,-122.443983,3.44713,-0.93296,-0.359979,36.0,12.0,4.0,0.295973,1630682603.0,366864850.0,37.830052,-122.455877,10.394226,-0.831482,0.555552,60.0,19.0,10.0,0.311464,1630682603.0,366981360.0,37.817851,-122.479667,3.961232,0.752684,0.658381,60.0,21.0,7.0,0.526079,1630682603.0,367587050.0,37.841814,-122.467517,6.905942,0.300541,-0.953769,37.0,16.0,0.0,0.275829,1630682603.0,368084240.0,37.823589,-122.474694,11.76213,-0.897982,-0.440032,52.0,34.0,10.0,0.290063,0.0,0.0,9.0
1630682604.0,338331274.0,37.807,-122.444001,3.452887,-0.931917,-0.362671,36.0,12.0,4.0,0.291919,1630682604.0,366864850.0,37.830078,-122.455927,10.406888,-0.831316,0.5558,60.0,19.0,10.0,0.307384,1630682604.0,366981360.0,37.817863,-122.479649,4.147874,0.77162,0.636083,60.0,21.0,7.0,0.522456,1630682604.0,367587050.0,37.841783,-122.467505,6.898367,0.299897,-0.953972,37.0,16.0,0.0,0.271606,1630682604.0,368084240.0,37.823565,-122.474755,11.754019,-0.897948,-0.440102,52.0,34.0,10.0,0.285757,0.0,0.0,9.0
1630682605.0,338331274.0,37.806994,-122.44402,3.458787,-0.930862,-0.36537,36.0,12.0,4.0,0.287858,1630682605.0,366864850.0,37.830105,-122.455978,10.420893,-0.831187,0.555993,60.0,19.0,10.0,0.3033,1630682605.0,366981360.0,37.817875,-122.47963,4.333718,0.788035,0.615631,60.0,21.0,7.0,0.518611,1630682605.0,367587050.0,37.841753,-122.467493,6.890699,0.299193,-0.954193,37.0,16.0,0.0,0.267387,1630682605.0,368084240.0,37.823541,-122.474817,11.745673,-0.897908,-0.440183,52.0,34.0,10.0,0.281455,0.0,0.0,9.0
1630682606.0,338331274.0,37.806989,-122.444039,3.46483,-0.929795,-0.368077,36.0,12.0,4.0,0.283792,1630682606.0,366864850.0,37.830132,-122.456029,10.436241,-0.831094,0.556132,60.0,19.0,10.0,0.299211,1630682606.0,366981360.0,37.817887,-122.47961,4.518208,0.802347,0.596858,60.0,21.0,7.0,0.514549,1630682606.0,367587050.0,37.841722,-122.467481,6.882941,0.298429,-0.954432,37.0,16.0,0.0,0.263174,1630682606.0,368084240.0,37.823517,-122.474879,11.737089,-0.897863,-0.440276,52.0,34.0,10.0,0.277156,0.0,0.0,9.0
1630682607.0,338331274.0,37.806983,-122.444058,3.471017,-0.928716,-0.370791,36.0,12.0,4.0,0.27972,1630682607.0,366864850.0,37.830159,-122.45608,10.45293,-0.831038,0.556216,60.0,19.0,10.0,0.295116,1630682607.0,366981360.0,37.8179,-122.479589,4.700886,0.814895,0.579608,60.0,21.0,7.0,0.510274,1630682607.0,367587050.0,37.841692,-122.467469,6.875091,0.297603,-0.95469,37.0,16.0,0.0,0.258967,1630682607.0,368084240.0,37.823493,-122.474941,11.72827,-0.897811,-0.44038,52.0,34.0,10.0,0.27286,0.0,0.0,9.0
1630682608.0,338331274.0,37.806977,-122.444077,3.477348,-0.927625,-0.373513,36.0,12.0,4.0,0.275642,1630682608.0,366864850.0,37.830186,-122.456131,10.470961,-0.831018,0.556246,60.0,19.0,10.0,0.291015,1630682608.0,366981360.0,37.817913,-122.479567,4.881376,0.825956,0.563735,60.0,21.0,7.0,0.50579,1630682608.0,367587050.0,37.841662,-122.467457,6.867153,0.296717,-0.954965,37.0,16.0,0.0,0.254764,1630682608.0,368084240.0,37.823469,-122.475002,11.719214,-0.897754,-0.440497,52.0,34.0,10.0,0.268568,0.0,0.0,9.0
1630682609.0,338331274.0,37.806971,-122.444096,3.483824,-0.926522,-0.37624,36.0,12.0,4.0,0.271558,1630682609.0,366864850.0,37.830213,-122.456181,10.490334,-0.831033,0.556222,60.0,19.0,10.0,0.286906,1630682609.0,366981360.0,37.817925,-122.479543,5.059362,0.835754,0.549104,60.0,21.0,7.0,0.501103,1630682609.0,367587050.0,37.841631,-122.467445,6.859127,0.29577,-0.955259,37.0,16.0,0.0,0.250568,1630682609.0,368084240.0,37.823445,-122.475064,11.709921,-0.897691,-0.440626,52.0,34.0,10.0,0.264279,0.0,0.0,9.0
1630682610.0,338331274.0,37.806965,-122.444115,3.490445,-0.925407,-0.378974,36.0,12.0,4.0,0.267467,1630682610.0,366864850.0,37.83024,-122.456233,10.511048,-0.831085,0.556145,60.0,19.0,10.0,0.28279,1630682610.0,366981360.0,37.817938,-122.479518,5.234583,0.844476,0.535594,60.0,21.0,7.0,0.496216,1630682610.0,367587050.0,37.841601,-122.467433,6.851014,0.294761,-0.955571,37.0,16.0,0.0,0.246376,1630682610.0,368084240.0,37.823422,-122.475126,11.700393,-0.897622,-0.440767,52.0,34.0,10.0,0.259993,0.0,0.0,9.0
1630682611.0,338331274.0,37.806959,-122.444134,3.497212,-0.924281,-0.381713,36.0,12.0,4.0,0.26337,1630682611.0,366864850.0,37.830267,-122.456284,10.533104,-0.831172,0.556015,60.0,19.0,10.0,0.278666,1630682611.0,366981360.0,37.817951,-122.479492,5.406816,0.852273,0.523097,60.0,21.0,7.0,0.491133,1630682611.0,367587050.0,37.841571,-122.467421,6.842815,0.29369,-0.955901,37.0,16.0,0.0,0.242191,1630682611.0,368084240.0,37.823398,-122.475187,11.690628,-0.897546,-0.44092,52.0,34.0,10.0,0.255711,0.0,0.0,9.0
1630682612.0,338331274.0,37.806952,-122.444153,3.504125,-0.923143,-0.384457,36.0,12.0,4.0,0.259266,1630682612.0,366864850.0,37.830294,-122.456335,10.556502,-0.831295,0.555831,60.0,19.0,10.0,0.274533,1630682612.0,366981360.0,37.817964,-122.479465,5.575876,0.859273,0.511517,60.0,21.0,7.0,0.48586,1630682612.0,367587050.0,37.84154,-122.467409,6.834533,0.292557,-0.956248,37.0,16.0,0.0,0.238011,1630682612.0,368084240.0,37.823374,-122.475249,11.680627,-0.897465,-0.441085,52.0,34.0,10.0,0.251433,0.0,0.0,9.0
1630682613.0,338331274.0,37.806946,-122.444171,3.511185,-0.921993,-0.387206,36.0,12.0,4.0,0.255155,1630682613.0,366864850.0,37.830321,-122.456386,10.581243,-0.831453,0.555596,60.0,19.0,10.0,0.270391,1630682613.0,366981360.0,37.817977,-122.479437,5.741602,0.865582,0.500767,60.0,21.0,7.0,0.480402,1630682613.0,367587050.0,37.84151,-122.467398,6.826168,0.291362,-0.956613,37.0,16.0,0.0,0.233837,1630682613.0,368084240.0,37.82335,-122.47531,11.670504,-0.897381,-0.441257,52.0,34.0,10.0,0.247158,0.0,0.0,9.0
1630682614.0,338331274.0,37.80694,-122.44419,3.518392,-0.920832,-0.389959,36.0,12.0,4.0,0.251038,1630682614.0,366864850.0,37.830348,-122.456438,10.607328,-0.831645,0.555308,60.0,19.0,10.0,0.266239,1630682614.0,366981360.0,37.817991,-122.479408,5.903859,0.871289,0.49077,60.0,21.0,7.0,0.474761,1630682614.0,367587050.0,37.84148,-122.467386,6.817723,0.290103,-0.956995,37.0,16.0,0.0,0.229669,1630682614.0,368084240.0,37.823326,-122.475371,11.660713,-0.897305,-0.441411,52.0,34.0,10.0,0.242887,0.0,0.0,9.0
1630682615.0,338331274.0,37.806933,-122.444209,3.525746,-0.91966,-0.392716,36.0,12.0,4.0,0.246913,1630682615.0,366864850.0,37.830375,-122.45649,10.634756,-0.831871,0.554969,60.0,19.0,10.0,0.262076,1630682615.0,366981360.0,37.818004,-122.479378,6.06253,0.876469,0.481458,60.0,21.0,7.0,0.468943,1630682615.0,367587050.0,37.84145,-122.467375,6.809199,0.288781,-0.957395,37.0,16.0,0.0,0.225507,1630682615.0,368084240.0,37.823302,-122.475433,11.651366,-0.89724,-0.441543,52.0,34.0,10.0,0.23862,0.0,0.0,9.0
1630682616.0,338331274.0,37.806927,-122.444228,3.533249,-0.918476,-0.395477,36.0,12.0,4.0,0.242781,1630682616.0,366864850.0,37.830403,-122.456541,10.663529,-0.832132,0.554578,60.0,19.0,10.0,0.257902,1630682616.0,366981360.0,37.818018,-122.479347,6.217512,0.881185,0.472771,60.0,21.0,7.0,0.462953,1630682616.0,367587050.0,37.84142,-122.467363,6.800597,0.287396,-0.957812,37.0,16.0,0.0,0.221351,1630682616.0,368084240.0,37.823279,-122.475494,11.642465,-0.897187,-0.441652,52.0,34.0,10.0,0.234357,0.0,0.0,9.0
1630682617.0,338331274.0,37.806921,-122.444247,3.5409,-0.917281,-0.39824,36.0,12.0,4.0,0.238642,1630682617.0,366864850.0,37.83043,-122.456593,10.693647,-0.832425,0.554137,60.0,19.0,10.0,0.253717,1630682617.0,366981360.0,37.818031,-122.479315,6.368718,0.885493,0.464653,60.0,21.0,7.0,0.456795,1630682617.0,367587050.0,37.841389,-122.467352,6.79192,0.285947,-0.958245,37.0,16.0,0.0,0.217201,1630682617.0,368084240.0,37.823255,-122.475555,11.634008,-0.897144,-0.441737,52.0,34.0,10.0,0.230097,0.0,0.0,9.0
1630682618.0,338331274.0,37.806914,-122.444266,3.5487,-0.916075,-0.401006,36.0,12.0,4.0,0.234495,1630682618.0,366864850.0,37.830458,-122.456646,10.725112,-0.832752,0.553646,60.0,19.0,10.0,0.249519,1630682618.0,366981360.0,37.818045,-122.479282,6.516072,0.889438,0.457057,60.0,21.0,7.0,0.450473,1630682618.0,367587050.0,37.841359,-122.46734,6.78317,0.284433,-0.958696,37.0,16.0,0.0,0.213057,1630682618.0,368084240.0,37.823231,-122.475616,11.625996,-0.897113,-0.4418,52.0,34.0,10.0,0.22584,0.0,0.0,9.0
1630682619.0,338331274.0,37.806908,-122.444285,3.556649,-0.914859,-0.403774,36.0,12.0,4.0,0.230341,1630682619.0,366864850.0,37.830485,-122.456698,10.757925,-0.833111,0.553106,60.0,19.0,10.0,0.245309,1630682619.0,366981360.0,37.818059,-122.479248,6.659507,0.89306,0.449938,60.0,21.0,7.0,0.443993,1630682619.0,367587050.0,37.841329,-122.467329,6.774349,0.282855,-0.959163,37.0,16.0,0.0,0.208919,1630682619.0,368084240.0,37.823207,-122.475677,11.618429,-0.897094,-0.44184,52.0,34.0,10.0,0.221586,0.0,0.0,9.0
1630682620.0,338331274.0,37.806901,-122.444304,3.564748,-0.913631,-0.406545,36.0,12.0,4.0,0.226178,1630682620.0,366864850.0,37.830513,-122.45675,10.792087,-0.833502,0.552516,60.0,19.0,10.0,0.241085,1630682620.0,366981360.0,37.818073,-122.479213,6.798963,0.896393,0.44326,60.0,21.0,7.0,0.437358,1630682620.0,367587050.0,37.841299,-122.467318,6.765459,0.281211,-0.959646,37.0,16.0,0.0,0.204787,1630682620.0,368084240.0,37.823183,-122.475738,11.611307,-0.897085,-0.441857,52.0,34.0,10.0,0.217335,0.0,0.0,9.0
1630682621.0,338331274.0,37.806894,-122.444324,3.572997,-0.912393,-0.409316,36.0,12.0,4.0,0.222008,1630682621.0,366864850.0,37.83054,-122.456803,10.8276,-0.833924,0.551879,60.0,19.0,10.0,0.236847,1630682621.0,366981360.0,37.818086,-122.479177,6.934388,0.899468,0.436986,60.0,21.0,7.0,0.430573,1630682621.0,367587050.0,37.841269,-122.467307,6.756501,0.279502,-0.960145,37.0,16.0,0.0,0.200662,1630682621.0,368084240.0,37.82316,-122.475799,11.604629,-0.897089,-0.441851,52.0,34.0,10.0,0.213087,0.0,0.0,9.0
1630682622.0,338331274.0,37.806887,-122.444343,3.581397,-0.911144,-0.412088,36.0,12.0,4.0,0.21783,1630682622.0,366864850.0,37.830568,-122.456856,10.864465,-0.834377,0.551193,60.0,19.0,10.0,0.232595,1630682622.0,366981360.0,37.8181,-122.479141,7.065738,0.902311,0.431085,60.0,21.0,7.0,0.423643,1630682622.0,367587050.0,37.841239,-122.467295,6.74748,0.277727,-0.96066,37.0,16.0,0.0,0.196543,1630682622.0,368084240.0,37.823136,-122.47586,11.598395,-0.897103,-0.441821,52.0,34.0,10.0,0.20884,0.0,0.0,9.0
1630682623.0,338331274.0,37.806881,-122.444362,3.589948,-0.909885,-0.414861,36.0,12.0,4.0,0.213643,1630682623.0,366864850.0,37.830595,-122.456909,10.902683,-0.834861,0.550461,60.0,19.0,10.0,0.228327,1630682623.0,366981360.0,37.818115,-122.479104,7.19297,0.904944,0.42553,60.0,21.0,7.0,0.416573,1630682623.0,367587050.0,37.841209,-122.467284,6.738396,0.275886,-0.96119,37.0,16.0,0.0,0.192431,1630682623.0,368084240.0,37.823112,-122.475921,11.592607,-0.897129,-0.441769,52.0,34.0,10.0,0.204597,0.0,0.0,9.0
1630682624.0,338331274.0,37.806874,-122.444381,3.59865,-0.908615,-0.417635,36.0,12.0,4.0,0.209448,1630682624.0,366864850.0,37.830623,-122.456962,10.942256,-0.835374,0.549683,60.0,19.0,10.0,0.224044,1630682624.0,366981360.0,37.818129,-122.479065,7.316048,0.907387,0.420295,60.0,21.0,7.0,0.409366,1630682624.0,367587050.0,37.841179,-122.467274,6.729253,0.273978,-0.961736,37.0,16.0,0.0,0.188325,1630682624.0,368084240.0,37.823089,-122.475982,11.587263,-0.897166,-0.441693,52.0,34.0,10.0,0.200355,0.0,0.0,9.0
1630682625.0,338331274.0,37.806867,-122.4444,3.607503,-0.907335,-0.420407,36.0,12.0,4.0,0.205244,1630682625.0,366864850.0,37.830651,-122.457016,10.983186,-0.835915,0.548859,60.0,19.0,10.0,0.219744,1630682625.0,366981360.0,37.818143,-122.479027,7.434941,0.909658,0.415358,60.0,21.0,7.0,0.402028,1630682625.0,367587050.0,37.841149,-122.467263,6.720053,0.272002,-0.962297,37.0,16.0,0.0,0.184226,1630682625.0,368084240.0,37.823065,-122.476043,11.582364,-0.897215,-0.441594,52.0,34.0,10.0,0.196115,0.0,0.0,9.0
1630682626.0,338331274.0,37.80686,-122.444419,3.616509,-0.906046,-0.42318,36.0,12.0,4.0,0.201032,1630682626.0,366864850.0,37.830679,-122.45707,11.025475,-0.836485,0.547989,60.0,19.0,10.0,0.215427,1630682626.0,366981360.0,37.818157,-122.478987,7.549619,0.911772,0.410697,60.0,21.0,7.0,0.394563,1630682626.0,367587050.0,37.841119,-122.467252,6.710799,0.269959,-0.962872,37.0,16.0,0.0,0.180133,1630682626.0,368084240.0,37.823041,-122.476104,11.57791,-0.897275,-0.441471,52.0,34.0,10.0,0.191877,0.0,0.0,9.0
1630682627.0,338331274.0,37.806853,-122.444438,3.625668,-0.904746,-0.425951,36.0,12.0,4.0,0.196811,1630682627.0,366864850.0,37.830707,-122.457124,11.069125,-0.837083,0.547076,60.0,19.0,10.0,0.211093,1630682627.0,366981360.0,37.818172,-122.478947,7.660055,0.913743,0.406293,60.0,21.0,7.0,0.386976,1630682627.0,367587050.0,37.841089,-122.467241,6.701494,0.267848,-0.963461,37.0,16.0,0.0,0.176047,1630682627.0,368084240.0,37.823018,-122.476165,11.5739,-0.897347,-0.441326,52.0,34.0,10.0,0.187641,0.0,0.0,9.0
1630682628.0,338331274.0,37.806845,-122.444458,3.634979,-0.903437,-0.428721,36.0,12.0,4.0,0.192581,1630682628.0,366864850.0,37.830735,-122.457178,11.114138,-0.837707,0.54612,60.0,19.0,10.0,0.20674,1630682628.0,366981360.0,37.818186,-122.478906,7.766227,0.915582,0.402131,60.0,21.0,7.0,0.379271,1630682628.0,367587050.0,37.841059,-122.467231,6.69214,0.265669,-0.964064,37.0,16.0,0.0,0.171968,1630682628.0,368084240.0,37.822994,-122.476226,11.570336,-0.89743,-0.441157,52.0,34.0,10.0,0.183405,0.0,0.0,9.0
1630682629.0,338331274.0,37.806838,-122.444477,3.644443,-0.902118,-0.431489,36.0,12.0,4.0,0.188341,1630682629.0,366864850.0,37.830763,-122.457233,11.160516,-0.838358,0.545121,60.0,19.0,10.0,0.202369,1630682629.0,366981360.0,37.8182,-122.478864,7.868113,0.917301,0.398194,60.0,21.0,7.0,0.371453,1630682629.0,367587050.0,37.84103,-122.467221,6.682742,0.26342,-0.964681,37.0,16.0,0.0,0.167895,1630682629.0,368084240.0,37.82297,-122.476286,11.567218,-0.897525,-0.440964,52.0,34.0,10.0,0.179172,0.0,0.0,9.0
1630682630.0,338331274.0,37.806831,-122.444496,3.654061,-0.90079,-0.434255,36.0,12.0,4.0,0.184093,1630682630.0,366864850.0,37.830791,-122.457287,11.20826,-0.839034,0.54408,60.0,19.0,10.0,0.197979,1630682630.0,366981360.0,37.818215,-122.478822,7.965694,0.918909,0.394469,60.0,21.0,7.0,0.363527,1630682630.0,367587050.0,37.841,-122.46721,6.673301,0.261102,-0.965311,37.0,16.0,0.0,0.16383,1630682630.0,368084240.0,37.822947,-122.476347,11.564544,-0.897631,-0.440749,52.0,34.0,10.0,0.174939,0.0,0.0,9.0
1630682631.0,338331274.0,37.806824,-122.444515,3.663833,-0.899452,-0.437019,36.0,12.0,4.0,0.179834,1630682631.0,366864850.0,37.830819,-122.457342,11.257374,-0.839734,0.542998,60.0,19.0,10.0,0.193569,1630682631.0,366981360.0,37.818229,-122.478779,8.058953,0.920415,0.390942,60.0,21.0,7.0,0.355497,1630682631.0,367587050.0,37.84097,-122.4672,6.663904,0.258728,-0.96595,37.0,16.0,0.0,0.159771,1630682631.0,368084240.0,37.822923,-122.476408,11.562317,-0.897748,-0.44051,52.0,34.0,10.0,0.170706,0.0,0.0,9.0
1630682632.0,338331274.0,37.806816,-122.444535,3.673759,-0.898106,-0.439779,36.0,12.0,4.0,0.175567,1630682632.0,366864850.0,37.830848,-122.457398,11.30786,-0.840459,0.541876,60.0,19.0,10.0,0.189138,1630682632.0,366981360.0,37.818244,-122.478735,8.147873,0.921827,0.387602,60.0,21.0,7.0,0.347368,1630682632.0,367587050.0,37.84094,-122.46719,6.654884,0.25635,-0.966584,37.0,16.0,0.0,0.155718,1630682632.0,368084240.0,37.8229,-122.476469,11.560535,-0.897876,-0.440248,52.0,34.0,10.0,0.166475,0.0,0.0,9.0
1630682633.0,338331274.0,37.806809,-122.444554,3.683839,-0.89675,-0.442537,36.0,12.0,4.0,0.171289,1630682633.0,366864850.0,37.830876,-122.457453,11.359719,-0.841206,0.540714,60.0,19.0,10.0,0.184686,1630682633.0,366981360.0,37.818259,-122.478691,8.232441,0.923151,0.384438,60.0,21.0,7.0,0.339144,1630682633.0,367587050.0,37.84091,-122.46718,6.646325,0.253982,-0.967209,37.0,16.0,0.0,0.151673,1630682633.0,368084240.0,37.822876,-122.47653,11.5592,-0.898016,-0.439962,52.0,34.0,10.0,0.162244,0.0,0.0,9.0
1630682634.0,338331274.0,37.806801,-122.444573,3.694074,-0.895386,-0.44529,36.0,12.0,4.0,0.167002,1630682634.0,366864850.0,37.830904,-122.457509,11.412955,-0.841977,0.539514,60.0,19.0,10.0,0.180212,1630682634.0,366981360.0,37.818273,-122.478647,8.312644,0.924393,0.38144,60.0,21.0,7.0,0.330831,1630682634.0,367587050.0,37.840881,-122.46717,6.638225,0.251626,-0.967825,37.0,16.0,0.0,0.147633,1630682634.0,368084240.0,37.822853,-122.47659,11.558311,-0.898168,-0.439653,52.0,34.0,10.0,0.158013,0.0,0.0,9.0
1630682635.0,338331274.0,37.806794,-122.444593,3.704465,-0.894013,-0.44804,36.0,12.0,4.0,0.162704,1630682635.0,366864850.0,37.830933,-122.457566,11.467569,-0.842768,0.538276,60.0,19.0,10.0,0.175716,1630682635.0,366981360.0,37.818288,-122.478602,8.388469,0.92556,0.378601,60.0,21.0,7.0,0.322432,1630682635.0,367587050.0,37.840851,-122.46716,6.630583,0.249281,-0.968431,37.0,16.0,0.0,0.1436,1630682635.0,368084240.0,37.822829,-122.476651,11.55787,-0.89833,-0.439321,52.0,34.0,10.0,0.153782,0.0,0.0,9.0
1630682636.0,338331274.0,37.806786,-122.444612,3.71501,-0.892632,-0.450786,36.0,12.0,4.0,0.158396,1630682636.0,366864850.0,37.830961,-122.457622,11.523565,-0.843581,0.537002,60.0,19.0,10.0,0.171198,1630682636.0,366981360.0,37.818303,-122.478556,8.459905,0.926656,0.37591,60.0,21.0,7.0,0.313952,1630682636.0,367587050.0,37.840821,-122.467151,6.623399,0.246949,-0.969029,37.0,16.0,0.0,0.139572,1630682636.0,368084240.0,37.822806,-122.476712,11.557875,-0.898504,-0.438966,52.0,34.0,10.0,0.149552,0.0,0.0,9.0
1630682637.0,338331274.0,37.806778,-122.444632,3.725712,-0.891243,-0.453527,36.0,12.0,4.0,0.154078,1630682637.0,366864850.0,37.83099,-122.457679,11.580945,-0.844414,0.535691,60.0,19.0,10.0,0.166655,1630682637.0,366981360.0,37.818317,-122.47851,8.526943,0.927686,0.373362,60.0,21.0,7.0,0.305396,1630682637.0,367587050.0,37.840792,-122.467141,6.616671,0.244629,-0.969617,37.0,16.0,0.0,0.13555,1630682637.0,368084240.0,37.822782,-122.476773,11.558328,-0.898689,-0.438587,52.0,34.0,10.0,0.14532,0.0,0.0,9.0
1630682638.0,338331274.0,37.80677,-122.444651,3.736569,-0.889845,-0.456263,36.0,12.0,4.0,0.14975,1630682638.0,366864850.0,37.831019,-122.457737,11.639711,-0.845266,0.534346,60.0,19.0,10.0,0.162089,1630682638.0,366981360.0,37.818332,-122.478464,8.589574,0.928654,0.370948,60.0,21.0,7.0,0.296769,1630682638.0,367587050.0,37.840762,-122.467131,6.610399,0.242322,-0.970196,37.0,16.0,0.0,0.131533,1630682638.0,368084240.0,37.822759,-122.476834,11.559228,-0.898885,-0.438185,52.0,34.0,10.0,0.141089,0.0,0.0,9.0
1630682639.0,338331274.0,37.806762,-122.44467,3.747583,-0.88844,-0.458993,36.0,12.0,4.0,0.14541,1630682639.0,366864850.0,37.831048,-122.457794,11.699866,-0.846137,0.532966,60.0,19.0,10.0,0.157498,1630682639.0,366981360.0,37.818347,-122.478417,8.647788,0.929563,0.368663,60.0,21.0,7.0,0.288076,1630682639.0,367587050.0,37.840732,-122.467122,6.604583,0.24003,-0.970766,37.0,16.0,0.0,0.127521,1630682639.0,368084240.0,37.822735,-122.476895,11.560577,-0.899092,-0.43776,52.0,34.0,10.0,0.136857,0.0,0.0,9.0
1630682640.0,338331274.0,37.806755,-122.44469,3.758753,-0.887027,-0.461718,36.0,12.0,4.0,0.14106,1630682640.0,366864850.0,37.831076,-122.457852,11.761413,-0.847025,0.531553,60.0,19.0,10.0,0.152882,1630682640.0,366981360.0,37.818362,-122.47837,8.701579,0.930417,0.366502,60.0,21.0,7.0,0.27932,1630682640.0,367587050.0,37.840703,-122.467113,6.599221,0.237751,-0.971326,37.0,16.0,0.0,0.123513,1630682640.0,368084240.0,37.822712,-122.476955,11.562375,-0.89931,-0.437312,52.0,34.0,10.0,0.132624,0.0,0.0,9.0
1630682641.0,338331274.0,37.806746,-122.444709,3.770081,-0.885606,-0.464437,36.0,12.0,4.0,0.136699,1630682641.0,366864850.0,37.831105,-122.457911,11.824355,-0.84793,0.530108,60.0,19.0,10.0,0.14824,1630682641.0,366981360.0,37.818376,-122.478323,8.750939,0.93122,0.364458,60.0,21.0,7.0,0.270506,1630682641.0,367587050.0,37.840673,-122.467104,6.594312,0.235488,-0.971877,37.0,16.0,0.0,0.11951,1630682641.0,368084240.0,37.822688,-122.477016,11.564622,-0.899539,-0.436841,52.0,34.0,10.0,0.12839,0.0,0.0,9.0
1630682642.0,338331274.0,37.806738,-122.444729,3.781565,-0.884178,-0.46715,36.0,12.0,4.0,0.132327,1630682642.0,366864850.0,37.831134,-122.457969,11.888694,-0.848852,0.528631,60.0,19.0,10.0,0.143572,1630682642.0,366981360.0,37.818391,-122.478275,8.795862,0.931973,0.362527,60.0,21.0,7.0,0.26164,1630682642.0,367587050.0,37.840643,-122.467095,6.589855,0.23324,-0.972419,37.0,16.0,0.0,0.115511,1630682642.0,368084240.0,37.822665,-122.477077,11.567318,-0.899778,-0.436347,52.0,34.0,10.0,0.124155,0.0,0.0,9.0
1630682643.0,338331274.0,37.80673,-122.444749,3.793206,-0.882743,-0.469856,36.0,12.0,4.0,0.127943,1630682643.0,366864850.0,37.831163,-122.458028,11.954432,-0.849789,0.527124,60.0,19.0,10.0,0.138876,1630682643.0,366981360.0,37.818406,-122.478227,8.836341,0.93268,0.360705,60.0,21.0,7.0,0.252726,1630682643.0,367587050.0,37.840614,-122.467086,6.585851,0.231008,-0.972952,37.0,16.0,0.0,0.111515,1630682643.0,368084240.0,37.822642,-122.477138,11.570465,-0.900029,-0.43583,52.0,34.0,10.0,0.119918,0.0,0.0,9.0
1630682644.0,338331274.0,37.806722,-122.444768,3.805005,-0.881301,-0.472555,36.0,12.0,4.0,0.123548,1630682644.0,366864850.0,37.831193,-122.458088,12.021573,-0.85074,0.525586,60.0,19.0,10.0,0.134153,1630682644.0,366981360.0,37.818421,-122.478179,8.872372,0.933342,0.358988,60.0,21.0,7.0,0.243768,1630682644.0,367587050.0,37.840584,-122.467077,6.582297,0.228793,-0.973475,37.0,16.0,0.0,0.107523,1630682644.0,368084240.0,37.822618,-122.477199,11.574062,-0.90029,-0.43529,52.0,34.0,10.0,0.11568,0.0,0.0,9.0
1630682645.0,338331274.0,37.806714,-122.444788,3.816962,-0.879852,-0.475247,36.0,12.0,4.0,0.119142,1630682645.0,366864850.0,37.831222,-122.458148,12.09012,-0.851706,0.524021,60.0,19.0,10.0,0.129402,1630682645.0,366981360.0,37.818435,-122.47813,8.903949,0.933962,0.357371,60.0,21.0,7.0,0.234772,1630682645.0,367587050.0,37.840554,-122.467068,6.579193,0.226594,-0.973989,37.0,16.0,0.0,0.103533,1630682645.0,368084240.0,37.822595,-122.47726,11.578111,-0.900562,-0.434727,52.0,34.0,10.0,0.11144,0.0,0.0,9.0
1630682646.0,338331274.0,37.806705,-122.444807,3.829077,-0.878397,-0.477932,36.0,12.0,4.0,0.114723,1630682646.0,366864850.0,37.831251,-122.458208,12.160075,-0.852684,0.522427,60.0,19.0,10.0,0.124622,1630682646.0,366981360.0,37.81845,-122.478082,8.931067,0.934542,0.355852,60.0,21.0,7.0,0.225741,1630682646.0,367587050.0,37.840525,-122.467059,6.576538,0.224413,-0.974494,37.0,16.0,0.0,0.099547,1630682646.0,368084240.0,37.822572,-122.477321,11.582611,-0.900845,-0.434142,52.0,34.0,10.0,0.107199,0.0,0.0,9.0
1630682647.0,338331274.0,37.806697,-122.444827,3.84135,-0.876935,-0.480609,36.0,12.0,4.0,0.110293,1630682647.0,366864850.0,37.831281,-122.458269,12.23144,-0.853675,0.520806,60.0,19.0,10.0,0.119813,1630682647.0,366981360.0,37.818465,-122.478033,8.953722,0.935083,0.354428,60.0,21.0,7.0,0.216681,1630682647.0,367587050.0,37.840495,-122.46705,6.574331,0.22225,-0.97499,37.0,16.0,0.0,0.095563,1630682647.0,368084240.0,37.822548,-122.477382,11.587563,-0.901137,-0.433534,52.0,34.0,10.0,0.102955,0.0,0.0,9.0
1630682648.0,338331274.0,37.806688,-122.444847,3.853781,-0.875467,-0.483277,36.0,12.0,4.0,0.105851,1630682648.0,366864850.0,37.83131,-122.45833,12.302997,-0.854672,0.519168,60.0,19.0,10.0,0.114973,1630682648.0,366981360.0,37.818479,-122.477984,8.971911,0.935587,0.353096,60.0,21.0,7.0,0.207596,1630682648.0,367587050.0,37.840465,-122.467042,6.572572,0.220106,-0.975476,37.0,16.0,0.0,0.091582,1630682648.0,368084240.0,37.822525,-122.477444,11.592968,-0.901441,-0.432903,52.0,34.0,10.0,0.098709,0.0,0.0,9.0
1630682649.0,338331274.0,37.80668,-122.444867,3.866371,-0.873993,-0.485938,36.0,12.0,4.0,0.101397,1630682649.0,366864850.0,37.83134,-122.458392,12.369855,-0.855656,0.517545,60.0,19.0,10.0,0.110103,1630682649.0,366981360.0,37.818494,-122.477935,8.985629,0.936055,0.351854,60.0,21.0,7.0,0.19849,1630682649.0,367587050.0,37.840436,-122.467033,6.571259,0.21798,-0.975953,37.0,16.0,0.0,0.087602,1630682649.0,368084240.0,37.822502,-122.477505,11.598827,-0.901754,-0.432249,52.0,34.0,10.0,0.09446,0.0,0.0,9.0
1630682650.0,338331274.0,37.806671,-122.444886,3.87912,-0.872514,-0.48859,36.0,12.0,4.0,0.09693,1630682650.0,366864850.0,37.831369,-122.458454,12.430791,-0.856623,0.515943,60.0,19.0,10.0,0.105205,1630682650.0,366981360.0,37.818509,-122.477885,8.994873,0.936488,0.350698,60.0,21.0,7.0,0.189369,1630682650.0,367587050.0,37.840406,-122.467025,6.570391,0.215874,-0.976421,37.0,16.0,0.0,0.083625,1630682650.0,368084240.0,37.822479,-122.477566,11.60514,-0.902078,-0.431574,52.0,34.0,10.0,0.090209,0.0,0.0,9.0
1630682651.0,338331274.0,37.806662,-122.444906,3.892027,-0.871028,-0.491233,36.0,12.0,4.0,0.092451,1630682651.0,366864850.0,37.831399,-122.458516,12.485804,-0.857574,0.51436,60.0,19.0,10.0,0.100282,1630682651.0,366981360.0,37.818523,-122.477836,8.99964,0.936888,0.349629,60.0,21.0,7.0,0.180238,1630682651.0,367587050.0,37.840376,-122.467017,6.569968,0.213788,-0.97688,37.0,16.0,0.0,0.079648,1630682651.0,368084240.0,37.822456,-122.477627,11.611908,-0.902411,-0.430875,52.0,34.0,10.0,0.085955,0.0,0.0,9.0
1630682652.0,338331274.0,37.806653,-122.444926,3.905094,-0.869538,-0.493867,36.0,12.0,4.0,0.087959,1630682652.0,366864850.0,37.831429,-122.458579,12.534892,-0.858512,0.512793,60.0,19.0,10.0,0.095334,1630682652.0,366981360.0,37.818538,-122.477787,8.999928,0.937255,0.348644,60.0,21.0,7.0,0.1711,1630682652.0,367587050.0,37.840347,-122.467008,6.569988,0.211723,-0.97733,37.0,16.0,0.0,0.075673,1630682652.0,368084240.0,37.822433,-122.477689,11.619131,-0.902755,-0.430155,52.0,34.0,10.0,0.081698,0.0,0.0,9.0
1630682653.0,338331274.0,37.806644,-122.444946,3.91832,-0.868042,-0.496491,36.0,12.0,4.0,0.083454,1630682653.0,366864850.0,37.831458,-122.458642,12.578056,-0.859438,0.51124,60.0,19.0,10.0,0.090366,1630682653.0,366981360.0,37.818552,-122.477737,8.995733,0.937591,0.347741,60.0,21.0,7.0,0.16196,1630682653.0,367587050.0,37.840317,-122.467,6.570451,0.209678,-0.977771,37.0,16.0,0.0,0.071699,1630682653.0,368084240.0,37.822409,-122.47775,11.62681,-0.903108,-0.429412,52.0,34.0,10.0,0.077438,0.0,0.0,9.0
1630682654.0,338331274.0,37.806635,-122.444966,3.931706,-0.866541,-0.499106,36.0,12.0,4.0,0.078936,1630682654.0,366864850.0,37.831488,-122.458705,12.615293,-0.860353,0.509698,60.0,19.0,10.0,0.085378,1630682654.0,366981360.0,37.818567,-122.477688,8.987054,0.937895,0.346919,60.0,21.0,7.0,0.152823,1630682654.0,367587050.0,37.840287,-122.466992,6.571356,0.207654,-0.978202,37.0,16.0,0.0,0.067726,1630682654.0,368084240.0,37.822386,-122.477812,11.634946,-0.903472,-0.428648,52.0,34.0,10.0,0.073175,0.0,0.0,9.0
1630682655.0,338331274.0,37.806626,-122.444986,3.945251,-0.865035,-0.501711,36.0,12.0,4.0,0.074405,1630682655.0,366864850.0,37.831518,-122.458769,12.646605,-0.861259,0.508166,60.0,19.0,10.0,0.080374,1630682655.0,366981360.0,37.818581,-122.477639,8.973889,0.938169,0.346178,60.0,21.0,7.0,0.143695,1630682655.0,367587050.0,37.840258,-122.466984,6.572701,0.205652,-0.978625,37.0,16.0,0.0,0.063752,1630682655.0,368084240.0,37.822363,-122.477873,11.643539,-0.903844,-0.427861,52.0,34.0,10.0,0.068908,0.0,0.0,9.0
1630682656.0,338331274.0,37.806617,-122.445006,3.958956,-0.863525,-0.504306,36.0,12.0,4.0,0.069861,1630682656.0,366864850.0,37.831548,-122.458832,12.671989,-0.862157,0.506641,60.0,19.0,10.0,0.075356,1630682656.0,366981360.0,37.818596,-122.477589,8.956235,0.938412,0.345517,60.0,21.0,7.0,0.134578,1630682656.0,367587050.0,37.840228,-122.466976,6.574487,0.203672,-0.979039,37.0,16.0,0.0,0.059779,1630682656.0,368084240.0,37.82234,-122.477935,11.652591,-0.904227,-0.427053,52.0,34.0,10.0,0.064637,0.0,0.0,9.0
1630682657.0,338331274.0,37.806608,-122.445026,3.972821,-0.86201,-0.506891,36.0,12.0,4.0,0.065304,1630682657.0,366864850.0,37.831577,-122.458896,12.691446,-0.863049,0.50512,60.0,19.0,10.0,0.070327,1630682657.0,366981360.0,37.81861,-122.47754,8.934977,0.93863,0.344926,60.0,21.0,7.0,0.125479,1630682657.0,367587050.0,37.840198,-122.466968,6.576711,0.201715,-0.979444,37.0,16.0,0.0,0.055806,1630682657.0,368084240.0,37.822317,-122.477997,11.662102,-0.904618,-0.426223,52.0,34.0,10.0,0.060362,0.0,0.0,9.0
1630682658.0,338331274.0,37.806599,-122.445046,3.986846,-0.860491,-0.509465,36.0,12.0,4.0,0.060732,1630682658.0,366864850.0,37.831607,-122.458961,12.704976,-0.863935,0.503603,60.0,19.0,10.0,0.065288,1630682658.0,366981360.0,37.818624,-122.477491,8.913654,0.938835,0.344367,60.0,21.0,7.0,0.116401,1630682658.0,367587050.0,37.840168,-122.466961,6.579373,0.199781,-0.979841,37.0,16.0,0.0,0.051832,1630682658.0,368084240.0,37.822294,-122.478058,11.672073,-0.905019,-0.425371,52.0,34.0,10.0,0.056083,0.0,0.0,9.0
1630682659.0,338331274.0,37.806589,-122.445066,4.001031,-0.858969,-0.512028,36.0,12.0,4.0,0.056148,1630682659.0,366864850.0,37.831636,-122.459025,12.712578,-0.864818,0.502086,60.0,19.0,10.0,0.060241,1630682659.0,366981360.0,37.818638,-122.477442,8.893152,0.939031,0.343832,60.0,21.0,7.0,0.107344,1630682659.0,367587050.0,37.840138,-122.466953,6.582473,0.19787,-0.980228,37.0,16.0,0.0,0.047857,1630682659.0,368084240.0,37.822271,-122.47812,11.682504,-0.905429,-0.424498,52.0,34.0,10.0,0.0518,0.0,0.0,9.0
1630682660.0,338331274.0,37.80658,-122.445086,4.015376,-0.857442,-0.514581,36.0,12.0,4.0,0.051549,1630682660.0,366864850.0,37.831666,-122.459089,12.714252,-0.865698,0.500567,60.0,19.0,10.0,0.055191,1630682660.0,366981360.0,37.818653,-122.477393,8.87347,0.939219,0.34332,60.0,21.0,7.0,0.098306,1630682660.0,367587050.0,37.840108,-122.466945,6.586009,0.195982,-0.980607,37.0,16.0,0.0,0.043881,1630682660.0,368084240.0,37.822248,-122.478182,11.693397,-0.905848,-0.423604,52.0,34.0,10.0,0.047512,0.0,0.0,9.0
1630682661.0,338331274.0,37.80657,-122.445106,4.029882,-0.855912,-0.517122,36.0,12.0,4.0,0.046936,1630682661.0,366864850.0,37.831695,-122.459154,12.709999,-0.866576,0.499045,60.0,19.0,10.0,0.050138,1630682661.0,366981360.0,37.818667,-122.477344,8.854608,0.939397,0.342832,60.0,21.0,7.0,0.089289,1630682661.0,367587050.0,37.840079,-122.466938,6.58998,0.194119,-0.980978,37.0,16.0,0.0,0.039904,1630682661.0,368084240.0,37.822225,-122.478244,11.704752,-0.906275,-0.422688,52.0,34.0,10.0,0.04322,0.0,0.0,9.0
1630682662.0,338331274.0,37.806561,-122.445126,4.044548,-0.854378,-0.519652,36.0,12.0,4.0,0.042309,1630682662.0,366864850.0,37.831725,-122.459218,12.699819,-0.867454,0.497517,60.0,19.0,10.0,0.045085,1630682662.0,366981360.0,37.818681,-122.477295,8.836565,0.939566,0.342367,60.0,21.0,7.0,0.080289,1630682662.0,367587050.0,37.840049,-122.46693,6.594385,0.19228,-0.98134,37.0,16.0,0.0,0.035925,1630682662.0,368084240.0,37.822202,-122.478306,11.71657,-0.906712,-0.421751,52.0,34.0,10.0,0.038923,0.0,0.0,9.0
1630682663.0,338331274.0,37.806551,-122.445147,4.059375,-0.852841,-0.52217,36.0,12.0,4.0,0.037667,1630682663.0,366864850.0,37.831754,-122.459283,12.683712,-0.868333,0.495981,60.0,19.0,10.0,0.040034,1630682663.0,366981360.0,37.818695,-122.477247,8.819342,0.939726,0.341928,60.0,21.0,7.0,0.071308,1630682663.0,367587050.0,37.840019,-122.466923,6.599224,0.190466,-0.981694,37.0,16.0,0.0,0.031945,1630682663.0,368084240.0,37.82218,-122.478369,11.728852,-0.907156,-0.420794,52.0,34.0,10.0,0.034621,0.0,0.0,9.0
1630682664.0,338331274.0,37.806541,-122.445167,4.074362,-0.851301,-0.524677,36.0,12.0,4.0,0.033011,1630682664.0,366864850.0,37.831783,-122.459347,12.661679,-0.869214,0.494435,60.0,19.0,10.0,0.034988,1630682664.0,366981360.0,37.818709,-122.477198,8.802937,0.939877,0.341513,60.0,21.0,7.0,0.062343,1630682664.0,367587050.0,37.839989,-122.466916,6.604496,0.188677,-0.982039,37.0,16.0,0.0,0.027962,1630682664.0,368084240.0,37.822157,-122.478431,11.7416,-0.90761,-0.419815,52.0,34.0,10.0,0.030313,0.0,0.0,9.0
1630682665.0,338331274.0,37.806531,-122.445187,4.08951,-0.849759,-0.527172,36.0,12.0,4.0,0.028341,1630682665.0,366864850.0,37.831812,-122.459412,12.633719,-0.870099,0.492877,60.0,19.0,10.0,0.02995,1630682665.0,366981360.0,37.818723,-122.47715,8.787351,0.940019,0.341123,60.0,21.0,7.0,0.053395,1630682665.0,367587050.0,37.839959,-122.466908,6.610199,0.186913,-0.982376,37.0,16.0,0.0,0.023977,1630682665.0,368084240.0,37.822134,-122.478493,11.754812,-0.908071,-0.418816,52.0,34.0,10.0,0.026001,0.0,0.0,9.0
1630682666.0,338331274.0,37.806521,-122.445208,4.104819,-0.848213,-0.529655,36.0,12.0,4.0,0.023655,1630682666.0,366864850.0,37.831841,-122.459476,12.599834,-0.870988,0.491304,60.0,19.0,10.0,0.024921,1630682666.0,366981360.0,37.818736,-122.477101,8.772583,0.940151,0.340758,60.0,21.0,7.0,0.044462,1630682666.0,367587050.0,37.839929,-122.466901,6.616333,0.185175,-0.982706,37.0,16.0,0.0,0.019989,1630682666.0,368084240.0,37.822111,-122.478556,11.768492,-0.90854,-0.417797,52.0,34.0,10.0,0.021682,0.0,0.0,9.0
1630682667.0,338331274.0,37.806511,-122.445228,4.120289,-0.846666,-0.532125,36.0,12.0,4.0,0.018955,1630682667.0,366864850.0,37.83187,-122.45954,12.560025,-0.871883,0.489714,60.0,19.0,10.0,0.019903,1630682667.0,366981360.0,37.81875,-122.477053,8.758632,0.940274,0.340419,60.0,21.0,7.0,0.035544,1630682667.0,367587050.0,37.839899,-122.466894,6.622897,0.183463,-0.983027,37.0,16.0,0.0,0.015998,1630682667.0,368084240.0,37.822088,-122.478618,11.782639,-0.909018,-0.416757,52.0,34.0,10.0,0.017358,0.0,0.0,9.0
1630682668.0,338331274.0,37.806501,-122.445248,4.13592,-0.845116,-0.534583,36.0,12.0,4.0,0.014239,1630682668.0,366864850.0,37.831898,-122.459605,12.514292,-0.872785,0.488104,60.0,19.0,10.0,0.0149,1630682668.0,366981360.0,37.818764,-122.477005,8.7455,0.940387,0.340105,60.0,21.0,7.0,0.026639,1630682668.0,367587050.0,37.839869,-122.466887,6.62989,0.181777,-0.98334,37.0,16.0,0.0,0.012004,1630682668.0,368084240.0,37.822066,-122.478681,11.797255,-0.909503,-0.415698,52.0,34.0,10.0,0.013028,0.0,0.0,9.0
1630682669.0,338331274.0,37.806491,-122.445269,4.151712,-0.843564,-0.537029,36.0,12.0,4.0,0.009508,1630682669.0,366864850.0,37.831926,-122.459669,12.462637,-0.873696,0.486472,60.0,19.0,10.0,0.009914,1630682669.0,366981360.0,37.818778,-122.476957,8.733184,0.940491,0.339818,60.0,21.0,7.0,0.017748,1630682669.0,367587050.0,37.839838,-122.46688,6.637312,0.180118,-0.983645,37.0,16.0,0.0,0.008007,1630682669.0,368084240.0,37.822043,-122.478744,11.81234,-0.909996,-0.414618,52.0,34.0,10.0,0.008692,0.0,0.0,9.0
1630682670.0,338331274.0,37.80648,-122.445289,4.167665,-0.84201,-0.539462,36.0,12.0,4.0,0.004762,1630682670.0,366864850.0,37.831954,-122.459732,12.40506,-0.874616,0.484816,60.0,19.0,10.0,0.004946,1630682670.0,366981360.0,37.818792,-122.476909,8.721686,0.940586,0.339556,60.0,21.0,7.0,0.008868,1630682670.0,367587050.0,37.839808,-122.466873,6.64516,0.178485,-0.983943,37.0,16.0,0.0,0.004005,1630682670.0,368084240.0,37.82202,-122.478807,11.827895,-0.910496,-0.413518,52.0,34.0,10.0,0.004349,0.0,0.0,9.0
1630682671.0,338331274.0,37.80647,-122.44531,4.167665,-0.84201,-0.539462,36.0,12.0,4.0,0.0,1630682671.0,366864850.0,37.831982,-122.459796,12.40506,-0.874616,0.484816,60.0,19.0,10.0,0.0,1630682671.0,366981360.0,37.818805,-122.476861,8.721686,0.940586,0.339556,60.0,21.0,7.0,0.0,1630682671.0,367587050.0,37.839778,-122.466866,6.64516,0.178485,-0.983943,37.0,16.0,0.0,0.0,1630682671.0,368084240.0,37.821998,-122.47887,11.827895,-0.910496,-0.413518,52.0,34.0,10.0,0.0,0.0,0.0,9.0
