Timestamp,MMSI,Latitude,Longitude,Speed,Course-sin,Course-cos,Length,Width,Vesseltype,Distance,Timestamp,MMSI,Latitude,Longitude,Speed,Course-sin,Course-cos,Length,Width,Vesseltype,Distance,WindDirection,WindSpeed,Visibility
1629291381.0,366975760.0,37.811497,-122.45244,10.374452,-0.991041,0.133559,60.0,25.0,9.0,1.0,1629291381.0,367533950.0,37.815336,-122.469665,6.920601,-0.987288,0.158944,60.0,24.0,6.0,0.792506,121.11666666666666,5.055833333333333,10.0
1629291382.0,366975760.0,37.811504,-122.4525,10.377908,-0.990809,0.135272,60.0,25.0,9.0,0.997741,1629291382.0,367533950.0,37.815341,-122.469705,6.922257,-0.987328,0.158695,60.0,24.0,6.0,0.786743,121.12222222222222,5.056111111111111,10.0
1629291383.0,366975760.0,37.81151,-122.45256,10.381448,-0.990564,0.137049,60.0,25.0,9.0,0.995481,1629291383.0,367533950.0,37.815346,-122.469745,6.923882,-0.987378,0.158379,60.0,24.0,6.0,0.780992,121.12777777777778,5.056388888888889,10.0
1629291384.0,366975760.0,37.811517,-122.45262,10.385065,-0.990317,0.138825,60.0,25.0,9.0,0.993221,1629291384.0,367533950.0,37.815351,-122.469785,6.925474,-0.98744,0.157996,60.0,24.0,6.0,0.775255,121.13333333333334,5.056666666666667,10.0
1629291385.0,366975760.0,37.811523,-122.45268,10.388754,-0.990069,0.140582,60.0,25.0,9.0,0.99096,1629291385.0,367533950.0,37.815356,-122.469825,6.927034,-0.987512,0.157546,60.0,24.0,6.0,0.769532,121.13888888888889,5.0569444444444445,10.0
1629291386.0,366975760.0,37.81153,-122.452741,10.392514,-0.989821,0.142321,60.0,25.0,9.0,0.988698,1629291386.0,367533950.0,37.815361,-122.469866,6.928563,-0.987594,0.157029,60.0,24.0,6.0,0.763823,121.14444444444445,5.057222222222222,10.0
1629291387.0,366975760.0,37.811537,-122.452801,10.396344,-0.989572,0.144042,60.0,25.0,9.0,0.986435,1629291387.0,367533950.0,37.815366,-122.469906,6.930061,-0.987686,0.156446,60.0,24.0,6.0,0.758129,121.15,5.0575,10.0
1629291388.0,366975760.0,37.811544,-122.452861,10.400243,-0.989322,0.145744,60.0,25.0,9.0,0.984172,1629291388.0,367533950.0,37.815371,-122.469946,6.93153,-0.987789,0.155796,60.0,24.0,6.0,0.75245,121.15555555555557,5.057777777777778,10.0
1629291389.0,366975760.0,37.811551,-122.452921,10.40421,-0.989073,0.147428,60.0,25.0,9.0,0.981907,1629291389.0,367533950.0,37.815376,-122.469986,6.93297,-0.987902,0.155079,60.0,24.0,6.0,0.746788,121.16111111111113,5.058055555555556,10.0
1629291390.0,366975760.0,37.811558,-122.452982,10.408245,-0.988823,0.149094,60.0,25.0,9.0,0.979642,1629291390.0,367533950.0,37.815381,-122.470026,6.934383,-0.988025,0.154296,60.0,24.0,6.0,0.741142,121.16666666666669,5.058333333333334,10.0
1629291391.0,366975760.0,37.811565,-122.453042,10.412347,-0.988573,0.150741,60.0,25.0,9.0,0.977376,1629291391.0,367533950.0,37.815386,-122.470066,6.935769,-0.988157,0.153445,60.0,24.0,6.0,0.735513,121.17222222222222,5.058611111111111,10.0
1629291392.0,366975760.0,37.811572,-122.453102,10.416513,-0.988323,0.15237,60.0,25.0,9.0,0.97511,1629291392.0,367533950.0,37.815391,-122.470106,6.93713,-0.988299,0.152528,60.0,24.0,6.0,0.729903,121.17777777777778,5.058888888888889,10.0
1629291393.0,366975760.0,37.81158,-122.453163,10.420745,-0.988074,0.153981,60.0,25.0,9.0,0.972842,1629291393.0,367533950.0,37.815396,-122.470146,6.938467,-0.98845,0.151545,60.0,24.0,6.0,0.72431,121.18333333333334,5.059166666666667,10.0
1629291394.0,366975760.0,37.811587,-122.453223,10.42504,-0.987824,0.155574,60.0,25.0,9.0,0.970574,1629291394.0,367533950.0,37.815401,-122.470186,6.939781,-0.988611,0.150494,60.0,24.0,6.0,0.718738,121.18888888888888,5.059444444444445,10.0
1629291395.0,366975760.0,37.811595,-122.453283,10.429398,-0.987575,0.157148,60.0,25.0,9.0,0.968305,1629291395.0,367533950.0,37.815405,-122.470227,6.941074,-0.98878,0.149377,60.0,24.0,6.0,0.713185,121.19444444444444,5.059722222222222,10.0
1629291396.0,366975760.0,37.811602,-122.453343,10.433819,-0.987326,0.158704,60.0,25.0,9.0,0.966035,1629291396.0,367533950.0,37.81541,-122.470267,6.942348,-0.988958,0.148194,60.0,24.0,6.0,0.707652,121.2,5.06,10.0
1629291397.0,366975760.0,37.81161,-122.453404,10.4383,-0.987078,0.160242,60.0,25.0,9.0,0.963764,1629291397.0,367533950.0,37.815415,-122.470307,6.943604,-0.989145,0.146943,60.0,24.0,6.0,0.702141,121.20555555555556,5.060277777777777,10.0
1629291398.0,366975760.0,37.811618,-122.453464,10.442842,-0.98683,0.161761,60.0,25.0,9.0,0.961492,1629291398.0,367533950.0,37.81542,-122.470347,6.944843,-0.98934,0.145626,60.0,24.0,6.0,0.696653,121.21111111111112,5.060555555555555,10.0
1629291399.0,366975760.0,37.811625,-122.453524,10.447443,-0.986583,0.163262,60.0,25.0,9.0,0.95922,1629291399.0,367533950.0,37.815424,-122.470388,6.946069,-0.989542,0.144242,60.0,24.0,6.0,0.691187,121.21666666666668,5.060833333333333,10.0
1629291400.0,366975760.0,37.811633,-122.453585,10.452102,-0.986336,0.164745,60.0,25.0,9.0,0.956946,1629291400.0,367533950.0,37.815429,-122.470428,6.947282,-0.989753,0.142791,60.0,24.0,6.0,0.685745,121.22222222222224,5.061111111111111,10.0
1629291401.0,366975760.0,37.811641,-122.453645,10.45682,-0.98609,0.16621,60.0,25.0,9.0,0.954672,1629291401.0,367533950.0,37.815434,-122.470468,6.948485,-0.989971,0.141273,60.0,24.0,6.0,0.680327,121.22777777777776,5.061388888888889,10.0
1629291402.0,366975760.0,37.811649,-122.453706,10.461594,-0.985845,0.167657,60.0,25.0,9.0,0.952396,1629291402.0,367533950.0,37.815438,-122.470508,6.94968,-0.990195,0.139689,60.0,24.0,6.0,0.674935,121.23333333333332,5.0616666666666665,10.0
1629291403.0,366975760.0,37.811657,-122.453766,10.466425,-0.985601,0.169085,60.0,25.0,9.0,0.95012,1629291403.0,367533950.0,37.815443,-122.470549,6.95087,-0.990427,0.138038,60.0,24.0,6.0,0.669569,121.2388888888889,5.061944444444444,10.0
1629291404.0,366975760.0,37.811666,-122.453826,10.471311,-0.985359,0.170495,60.0,25.0,9.0,0.947843,1629291404.0,367533950.0,37.815447,-122.470589,6.952056,-0.990665,0.13632,60.0,24.0,6.0,0.664231,121.24444444444444,5.062222222222222,10.0
1629291405.0,366975760.0,37.811674,-122.453887,10.476252,-0.985117,0.171887,60.0,25.0,9.0,0.945565,1629291405.0,367533950.0,37.815451,-122.470629,6.953241,-0.990909,0.134535,60.0,24.0,6.0,0.65892,121.25,5.0625,10.0
1629291406.0,366975760.0,37.811682,-122.453947,10.481246,-0.984876,0.173261,60.0,25.0,9.0,0.943286,1629291406.0,367533950.0,37.815456,-122.47067,6.954427,-0.991158,0.132683,60.0,24.0,6.0,0.653639,121.25555555555556,5.062777777777778,10.0
1629291407.0,366975760.0,37.811691,-122.454008,10.486294,-0.984637,0.174616,60.0,25.0,9.0,0.941006,1629291407.0,367533950.0,37.81546,-122.47071,6.955577,-0.991411,0.130782,60.0,24.0,6.0,0.648388,121.2611111111111,5.063055555555556,10.0
1629291408.0,366975760.0,37.811699,-122.454068,10.491394,-0.984398,0.175954,60.0,25.0,9.0,0.938725,1629291408.0,367533950.0,37.815464,-122.47075,6.956527,-0.991658,0.128897,60.0,24.0,6.0,0.643167,121.26666666666668,5.0633333333333335,10.0
1629291409.0,366975760.0,37.811708,-122.454129,10.496545,-0.984162,0.177273,60.0,25.0,9.0,0.936443,1629291409.0,367533950.0,37.815468,-122.470791,6.957234,-0.991897,0.127046,60.0,24.0,6.0,0.637979,121.27222222222224,5.063611111111111,10.0
1629291410.0,366975760.0,37.811716,-122.454189,10.501747,-0.983926,0.178575,60.0,25.0,9.0,0.93416,1629291410.0,367533950.0,37.815472,-122.470831,6.957699,-0.992128,0.125228,60.0,24.0,6.0,0.632824,121.27777777777776,5.063888888888889,10.0
1629291411.0,366975760.0,37.811725,-122.45425,10.507,-0.983693,0.179858,60.0,25.0,9.0,0.931876,1629291411.0,367533950.0,37.815476,-122.470872,6.957918,-0.992352,0.123443,60.0,24.0,6.0,0.627702,121.28333333333332,5.064166666666667,10.0
1629291412.0,366975760.0,37.811734,-122.45431,10.512302,-0.98346,0.181123,60.0,25.0,9.0,0.929591,1629291412.0,367533950.0,37.81548,-122.470912,6.957892,-0.992568,0.121692,60.0,24.0,6.0,0.622616,121.28888888888888,5.064444444444445,10.0
1629291413.0,366975760.0,37.811742,-122.454371,10.517652,-0.98323,0.182371,60.0,25.0,9.0,0.927305,1629291413.0,367533950.0,37.815484,-122.470953,6.957618,-0.992777,0.119973,60.0,24.0,6.0,0.617565,121.29444444444444,5.064722222222223,10.0
1629291414.0,366975760.0,37.811751,-122.454431,10.523051,-0.983001,0.1836,60.0,25.0,9.0,0.925018,1629291414.0,367533950.0,37.815488,-122.470993,6.957096,-0.992979,0.118288,60.0,24.0,6.0,0.612551,121.3,5.065,10.0
1629291415.0,366975760.0,37.81176,-122.454492,10.528497,-0.982774,0.184811,60.0,25.0,9.0,0.92273,1629291415.0,367533950.0,37.815492,-122.471033,6.956325,-0.993175,0.116635,60.0,24.0,6.0,0.607575,121.30555555555556,5.065277777777778,10.0
1629291416.0,366975760.0,37.811769,-122.454552,10.533989,-0.982549,0.186005,60.0,25.0,9.0,0.920441,1629291416.0,367533950.0,37.815496,-122.471074,6.955302,-0.993364,0.115014,60.0,24.0,6.0,0.602637,121.31111111111112,5.065555555555555,10.0
1629291417.0,366975760.0,37.811778,-122.454613,10.539528,-0.982326,0.18718,60.0,25.0,9.0,0.918151,1629291417.0,367533950.0,37.815499,-122.471114,6.954028,-0.993547,0.113425,60.0,24.0,6.0,0.59774,121.31666666666666,5.065833333333333,10.0
1629291418.0,366975760.0,37.811787,-122.454674,10.545112,-0.982104,0.188338,60.0,25.0,9.0,0.91586,1629291418.0,367533950.0,37.815503,-122.471155,6.952501,-0.993723,0.111869,60.0,24.0,6.0,0.592883,121.32222222222222,5.066111111111111,10.0
1629291419.0,366975760.0,37.811797,-122.454734,10.55074,-0.981885,0.189477,60.0,25.0,9.0,0.913568,1629291419.0,367533950.0,37.815507,-122.471195,6.950719,-0.993893,0.110345,60.0,24.0,6.0,0.588068,121.32777777777778,5.066388888888889,10.0
1629291420.0,366975760.0,37.811806,-122.454795,10.556413,-0.981668,0.190599,60.0,25.0,9.0,0.911275,1629291420.0,367533950.0,37.81551,-122.471236,6.948683,-0.994058,0.108853,60.0,24.0,6.0,0.583296,121.33333333333331,5.066666666666666,10.0
1629291421.0,366975760.0,37.811815,-122.454856,10.562129,-0.981453,0.191703,60.0,25.0,9.0,0.908981,1629291421.0,367533950.0,37.815514,-122.471276,6.946391,-0.994217,0.107392,60.0,24.0,6.0,0.578568,121.33888888888887,5.066944444444444,10.0
1629291422.0,366975760.0,37.811825,-122.454916,10.567888,-0.98124,0.192789,60.0,25.0,9.0,0.906685,1629291422.0,367533950.0,37.815517,-122.471317,6.943841,-0.99437,0.105963,60.0,24.0,6.0,0.573886,121.34444444444443,5.067222222222222,10.0
1629291423.0,366975760.0,37.811834,-122.454977,10.573688,-0.98103,0.193858,60.0,25.0,9.0,0.904389,1629291423.0,367533950.0,37.815521,-122.471357,6.941033,-0.994518,0.104566,60.0,24.0,6.0,0.56925,121.35,5.0675,10.0
1629291424.0,366975760.0,37.811843,-122.455038,10.579531,-0.980821,0.194909,60.0,25.0,9.0,0.902091,1629291424.0,367533950.0,37.815524,-122.471397,6.937966,-0.994661,0.1032,60.0,24.0,6.0,0.564661,121.35555555555555,5.067777777777778,10.0
1629291425.0,366975760.0,37.811853,-122.455099,10.585415,-0.980616,0.195942,60.0,25.0,9.0,0.899792,1629291425.0,367533950.0,37.815527,-122.471438,6.934639,-0.994798,0.101866,60.0,24.0,6.0,0.56012,121.36111111111111,5.068055555555556,10.0
1629291426.0,366975760.0,37.811863,-122.455159,10.591339,-0.980412,0.196957,60.0,25.0,9.0,0.897492,1629291426.0,367533950.0,37.815531,-122.471478,6.931052,-0.994931,0.100563,60.0,24.0,6.0,0.55563,121.36666666666666,5.068333333333333,10.0
1629291427.0,366975760.0,37.811872,-122.45522,10.597303,-0.980211,0.197955,60.0,25.0,9.0,0.895191,1629291427.0,367533950.0,37.815534,-122.471519,6.927202,-0.995058,0.099291,60.0,24.0,6.0,0.55119,121.37222222222222,5.068611111111111,10.0
1629291428.0,366975760.0,37.811882,-122.455281,10.603306,-0.980013,0.198935,60.0,25.0,9.0,0.892889,1629291428.0,367533950.0,37.815537,-122.471559,6.92309,-0.995181,0.09805,60.0,24.0,6.0,0.546803,121.37777777777778,5.068888888888889,10.0
1629291429.0,366975760.0,37.811892,-122.455342,10.609348,-0.979817,0.199897,60.0,25.0,9.0,0.890586,1629291429.0,367533950.0,37.81554,-122.471599,6.918715,-0.9953,0.09684,60.0,24.0,6.0,0.542468,121.38333333333334,5.069166666666667,10.0
1629291430.0,366975760.0,37.811902,-122.455403,10.615428,-0.979624,0.200842,60.0,25.0,9.0,0.888282,1629291430.0,367533950.0,37.815543,-122.47164,6.914075,-0.995414,0.095662,60.0,24.0,6.0,0.538188,121.38888888888889,5.069444444444445,10.0
1629291431.0,366975760.0,37.811911,-122.455464,10.621546,-0.979433,0.201769,60.0,25.0,9.0,0.885976,1629291431.0,367533950.0,37.815546,-122.47168,6.90917,-0.995524,0.094514,60.0,24.0,6.0,0.533964,121.39444444444445,5.069722222222223,10.0
1629291432.0,366975760.0,37.811921,-122.455525,10.627701,-0.979245,0.202679,60.0,25.0,9.0,0.883669,1629291432.0,367533950.0,37.815549,-122.47172,6.903999,-0.995629,0.093397,60.0,24.0,6.0,0.529796,121.4,5.07,10.0
1629291433.0,366975760.0,37.811931,-122.455586,10.633893,-0.97906,0.203571,60.0,25.0,9.0,0.881361,1629291433.0,367533950.0,37.815552,-122.471761,6.898562,-0.99573,0.09231,60.0,24.0,6.0,0.525687,121.40555555555557,5.070277777777778,10.0
1629291434.0,366975760.0,37.811941,-122.455647,10.640121,-0.978878,0.204446,60.0,25.0,9.0,0.879052,1629291434.0,367533950.0,37.815555,-122.471801,6.892857,-0.995828,0.091255,60.0,24.0,6.0,0.521637,121.41111111111113,5.070555555555556,10.0
1629291435.0,366975760.0,37.811951,-122.455708,10.646385,-0.978698,0.205304,60.0,25.0,9.0,0.876742,1629291435.0,367533950.0,37.815558,-122.471841,6.886885,-0.995921,0.09023,60.0,24.0,6.0,0.517647,121.41666666666669,5.070833333333334,10.0
1629291436.0,366975760.0,37.811961,-122.455769,10.652683,-0.978522,0.206144,60.0,25.0,9.0,0.87443,1629291436.0,367533950.0,37.815561,-122.471881,6.880644,-0.99601,0.089236,60.0,24.0,6.0,0.513719,121.42222222222222,5.071111111111111,10.0
1629291437.0,366975760.0,37.811972,-122.45583,10.659017,-0.978348,0.206967,60.0,25.0,9.0,0.872117,1629291437.0,367533950.0,37.815564,-122.471921,6.874133,-0.996096,0.088273,60.0,24.0,6.0,0.509854,121.42777777777778,5.0713888888888885,10.0
1629291438.0,366975760.0,37.811982,-122.455891,10.665385,-0.978177,0.207772,60.0,25.0,9.0,0.869803,1629291438.0,367533950.0,37.815567,-122.471961,6.867353,-0.996179,0.08734,60.0,24.0,6.0,0.506053,121.43333333333334,5.071666666666666,10.0
1629291439.0,366975760.0,37.811992,-122.455952,10.671787,-0.978009,0.20856,60.0,25.0,9.0,0.867488,1629291439.0,367533950.0,37.815569,-122.472001,6.860302,-0.996257,0.086438,60.0,24.0,6.0,0.502318,121.43888888888888,5.071944444444444,10.0
1629291440.0,366975760.0,37.812002,-122.456013,10.678222,-0.977845,0.209331,60.0,25.0,9.0,0.865171,1629291440.0,367533950.0,37.815572,-122.472042,6.85298,-0.996332,0.085566,60.0,24.0,6.0,0.498649,121.44444444444444,5.072222222222222,10.0
1629291441.0,366975760.0,37.812013,-122.456074,10.68469,-0.977683,0.210085,60.0,25.0,9.0,0.862853,1629291441.0,367533950.0,37.815575,-122.472081,6.845386,-0.996404,0.084725,60.0,24.0,6.0,0.495048,121.45,5.0725,10.0
1629291442.0,366975760.0,37.812023,-122.456135,10.691191,-0.977525,0.210821,60.0,25.0,9.0,0.860534,1629291442.0,367533950.0,37.815578,-122.472121,6.83752,-0.996473,0.083915,60.0,24.0,6.0,0.491517,121.45555555555556,5.072777777777778,10.0
1629291443.0,366975760.0,37.812034,-122.456196,10.697724,-0.977369,0.211541,60.0,25.0,9.0,0.858214,1629291443.0,367533950.0,37.81558,-122.472161,6.829381,-0.996538,0.083136,60.0,24.0,6.0,0.488055,121.46111111111112,5.073055555555555,10.0
1629291444.0,366975760.0,37.812044,-122.456258,10.704288,-0.977217,0.212243,60.0,25.0,9.0,0.855892,1629291444.0,367533950.0,37.815583,-122.472201,6.820969,-0.9966,0.082387,60.0,24.0,6.0,0.484665,121.46666666666668,5.073333333333333,10.0
1629291445.0,366975760.0,37.812055,-122.456319,10.710884,-0.977068,0.212928,60.0,25.0,9.0,0.85357,1629291445.0,367533950.0,37.815585,-122.472241,6.812283,-0.99666,0.081669,60.0,24.0,6.0,0.481348,121.47222222222224,5.073611111111111,10.0
1629291446.0,366975760.0,37.812065,-122.45638,10.717511,-0.976922,0.213596,60.0,25.0,9.0,0.851245,1629291446.0,367533950.0,37.815588,-122.472281,6.803323,-0.996716,0.080981,60.0,24.0,6.0,0.478105,121.47777777777776,5.073888888888889,10.0
1629291447.0,366975760.0,37.812076,-122.456441,10.724168,-0.976779,0.214247,60.0,25.0,9.0,0.84892,1629291447.0,367533950.0,37.815591,-122.47232,6.794088,-0.996769,0.080324,60.0,24.0,6.0,0.474936,121.48333333333332,5.074166666666667,10.0
1629291448.0,366975760.0,37.812086,-122.456503,10.730856,-0.97664,0.214881,60.0,25.0,9.0,0.846593,1629291448.0,367533950.0,37.815593,-122.47236,6.784577,-0.996819,0.079699,60.0,24.0,6.0,0.471844,121.4888888888889,5.0744444444444445,10.0
1629291449.0,366975760.0,37.812097,-122.456564,10.737574,-0.976504,0.215498,60.0,25.0,9.0,0.844265,1629291449.0,367533950.0,37.815596,-122.4724,6.774792,-0.996866,0.079104,60.0,24.0,6.0,0.46883,121.49444444444444,5.074722222222222,10.0
1629291450.0,366975760.0,37.812108,-122.456626,10.744321,-0.976372,0.216099,60.0,25.0,9.0,0.841935,1629291450.0,367533950.0,37.815598,-122.472439,6.76473,-0.996911,0.07854,60.0,24.0,6.0,0.465893,121.5,5.075,10.0
1629291451.0,366975760.0,37.812118,-122.456687,10.751097,-0.976242,0.216682,60.0,25.0,9.0,0.839604,1629291451.0,367533950.0,37.815601,-122.472479,6.754392,-0.996953,0.078007,60.0,24.0,6.0,0.463036,121.50555555555556,5.075277777777778,10.0
1629291452.0,366975760.0,37.812129,-122.456749,10.757902,-0.976116,0.217248,60.0,25.0,9.0,0.837272,1629291452.0,367533950.0,37.815603,-122.472518,6.743778,-0.996992,0.077505,60.0,24.0,6.0,0.46026,121.5111111111111,5.075555555555556,10.0
1629291453.0,366975760.0,37.81214,-122.45681,10.764699,-0.975993,0.2178,60.0,25.0,9.0,0.834939,1629291453.0,367533950.0,37.815605,-122.472558,6.732886,-0.997028,0.077034,60.0,24.0,6.0,0.457565,121.51666666666668,5.075833333333334,10.0
1629291454.0,366975760.0,37.812151,-122.456872,10.771341,-0.975871,0.218346,60.0,25.0,9.0,0.832604,1629291454.0,367533950.0,37.815608,-122.472597,6.721717,-0.997062,0.076595,60.0,24.0,6.0,0.454952,121.52222222222224,5.076111111111112,10.0
1629291455.0,366975760.0,37.812162,-122.456933,10.777791,-0.97575,0.218888,60.0,25.0,9.0,0.830267,1629291455.0,367533950.0,37.81561,-122.472636,6.710271,-0.997094,0.076187,60.0,24.0,6.0,0.452423,121.52777777777776,5.076388888888889,10.0
1629291456.0,366975760.0,37.812173,-122.456995,10.784048,-0.975629,0.219427,60.0,25.0,9.0,0.82793,1629291456.0,367533950.0,37.815613,-122.472675,6.698547,-0.997122,0.075811,60.0,24.0,6.0,0.449978,121.53333333333332,5.076666666666666,10.0
1629291457.0,366975760.0,37.812184,-122.457056,10.790114,-0.975508,0.219962,60.0,25.0,9.0,0.825591,1629291457.0,367533950.0,37.815615,-122.472714,6.686544,-0.997148,0.075466,60.0,24.0,6.0,0.447619,121.53888888888888,5.076944444444444,10.0
1629291458.0,366975760.0,37.812195,-122.457118,10.795987,-0.975388,0.220493,60.0,25.0,9.0,0.823251,1629291458.0,367533950.0,37.815617,-122.472754,6.674264,-0.997172,0.075153,60.0,24.0,6.0,0.445345,121.54444444444444,5.077222222222222,10.0
1629291459.0,366975760.0,37.812206,-122.45718,10.801668,-0.975269,0.221021,60.0,25.0,9.0,0.82091,1629291459.0,367533950.0,37.81562,-122.472792,6.661705,-0.997193,0.074872,60.0,24.0,6.0,0.443158,121.55,5.0775,10.0
1629291460.0,366975760.0,37.812217,-122.457241,10.807156,-0.97515,0.221546,60.0,25.0,9.0,0.818568,1629291460.0,367533950.0,37.815622,-122.472831,6.648867,-0.997212,0.074623,60.0,24.0,6.0,0.441058,121.55555555555556,5.0777777777777775,10.0
1629291461.0,366975760.0,37.812228,-122.457303,10.812452,-0.975031,0.222067,60.0,25.0,9.0,0.816224,1629291461.0,367533950.0,37.815624,-122.47287,6.63575,-0.997228,0.074407,60.0,24.0,6.0,0.439047,121.56111111111112,5.078055555555555,10.0
1629291462.0,366975760.0,37.812239,-122.457365,10.817556,-0.974913,0.222585,60.0,25.0,9.0,0.81388,1629291462.0,367533950.0,37.815626,-122.472909,6.622354,-0.997242,0.074222,60.0,24.0,6.0,0.437124,121.56666666666666,5.078333333333333,10.0
1629291463.0,366975760.0,37.81225,-122.457426,10.822467,-0.974796,0.223099,60.0,25.0,9.0,0.811534,1629291463.0,367533950.0,37.815629,-122.472948,6.60868,-0.997253,0.07407,60.0,24.0,6.0,0.43529,121.57222222222222,5.078611111111111,10.0
1629291464.0,366975760.0,37.812261,-122.457488,10.827186,-0.974679,0.22361,60.0,25.0,9.0,0.809188,1629291464.0,367533950.0,37.815631,-122.472986,6.594726,-0.997262,0.073951,60.0,24.0,6.0,0.433547,121.57777777777778,5.078888888888889,10.0
1629291465.0,366975760.0,37.812272,-122.45755,10.831712,-0.974562,0.224118,60.0,25.0,9.0,0.806841,1629291465.0,367533950.0,37.815633,-122.473025,6.580492,-0.997268,0.073865,60.0,24.0,6.0,0.431893,121.58333333333331,5.079166666666667,10.0
1629291466.0,366975760.0,37.812284,-122.457612,10.836045,-0.974446,0.224622,60.0,25.0,9.0,0.804493,1629291466.0,367533950.0,37.815635,-122.473063,6.56598,-0.997272,0.073812,60.0,24.0,6.0,0.430329,121.58888888888887,5.079444444444444,10.0
1629291467.0,366975760.0,37.812295,-122.457674,10.840185,-0.97433,0.225123,60.0,25.0,9.0,0.802144,1629291467.0,367533950.0,37.815638,-122.473102,6.551187,-0.997274,0.073793,60.0,24.0,6.0,0.428857,121.59444444444443,5.079722222222222,10.0
1629291468.0,366975760.0,37.812306,-122.457736,10.844133,-0.974215,0.225621,60.0,25.0,9.0,0.799794,1629291468.0,367533950.0,37.81564,-122.47314,6.536116,-0.997273,0.073806,60.0,24.0,6.0,0.427475,121.6,5.08,10.0
1629291469.0,366975760.0,37.812317,-122.457797,10.847888,-0.9741,0.226116,60.0,25.0,9.0,0.797444,1629291469.0,367533950.0,37.815642,-122.473178,6.520765,-0.997269,0.073854,60.0,24.0,6.0,0.426185,121.60555555555555,5.080277777777778,10.0
1629291470.0,366975760.0,37.812329,-122.457859,10.85145,-0.973986,0.226608,60.0,25.0,9.0,0.795092,1629291470.0,367533950.0,37.815644,-122.473216,6.505135,-0.997263,0.073936,60.0,24.0,6.0,0.424986,121.61111111111111,5.080555555555556,10.0
1629291471.0,366975760.0,37.81234,-122.457921,10.854819,-0.973872,0.227096,60.0,25.0,9.0,0.792741,1629291471.0,367533950.0,37.815647,-122.473254,6.489225,-0.997254,0.074052,60.0,24.0,6.0,0.423878,121.61666666666666,5.0808333333333335,10.0
1629291472.0,366975760.0,37.812352,-122.457983,10.857995,-0.973759,0.227582,60.0,25.0,9.0,0.790388,1629291472.0,367533950.0,37.815649,-122.473292,6.473036,-0.997243,0.074203,60.0,24.0,6.0,0.422861,121.62222222222222,5.081111111111111,10.0
1629291473.0,366975760.0,37.812363,-122.458045,10.860978,-0.973646,0.228064,60.0,25.0,9.0,0.788035,1629291473.0,367533950.0,37.815651,-122.47333,6.456568,-0.997229,0.074388,60.0,24.0,6.0,0.421935,121.62777777777778,5.081388888888889,10.0
1629291474.0,366975760.0,37.812374,-122.458107,10.863768,-0.973534,0.228544,60.0,25.0,9.0,0.785682,1629291474.0,367533950.0,37.815653,-122.473367,6.439822,-0.997213,0.074609,60.0,24.0,6.0,0.421099,121.63333333333334,5.081666666666667,10.0
1629291475.0,366975760.0,37.812386,-122.458169,10.866365,-0.973422,0.22902,60.0,25.0,9.0,0.783327,1629291475.0,367533950.0,37.815656,-122.473405,6.422796,-0.997194,0.074865,60.0,24.0,6.0,0.420355,121.63888888888889,5.081944444444445,10.0
1629291476.0,366975760.0,37.812397,-122.458231,10.868769,-0.97331,0.229493,60.0,25.0,9.0,0.780973,1629291476.0,367533950.0,37.815658,-122.473443,6.405491,-0.997172,0.075157,60.0,24.0,6.0,0.4197,121.64444444444445,5.082222222222223,10.0
1629291477.0,366975760.0,37.812409,-122.458293,10.87098,-0.973199,0.229964,60.0,25.0,9.0,0.778618,1629291477.0,367533950.0,37.81566,-122.47348,6.388071,-0.997148,0.075473,60.0,24.0,6.0,0.419135,121.65,5.0825,10.0
1629291478.0,366975760.0,37.812421,-122.458355,10.872997,-0.973089,0.230431,60.0,25.0,9.0,0.776263,1629291478.0,367533950.0,37.815662,-122.473517,6.371185,-0.997126,0.075762,60.0,24.0,6.0,0.418659,121.65555555555557,5.082777777777777,10.0
1629291479.0,366975760.0,37.812432,-122.458417,10.874821,-0.972978,0.230896,60.0,25.0,9.0,0.773907,1629291479.0,367533950.0,37.815664,-122.473555,6.354997,-0.997107,0.076012,60.0,24.0,6.0,0.418272,121.66111111111113,5.083055555555555,10.0
1629291480.0,366975760.0,37.812444,-122.458479,10.876451,-0.972869,0.231358,60.0,25.0,9.0,0.771551,1629291480.0,367533950.0,37.815667,-122.473592,6.339506,-0.997091,0.076222,60.0,24.0,6.0,0.417974,121.66666666666669,5.083333333333333,10.0
1629291481.0,366975760.0,37.812455,-122.458541,10.877889,-0.972759,0.231817,60.0,25.0,9.0,0.769195,1629291481.0,367533950.0,37.815669,-122.473629,6.324711,-0.997078,0.076392,60.0,24.0,6.0,0.417764,121.67222222222222,5.083611111111111,10.0
1629291482.0,366975760.0,37.812467,-122.458603,10.879133,-0.972651,0.232273,60.0,25.0,9.0,0.766839,1629291482.0,367533950.0,37.815671,-122.473666,6.310614,-0.997068,0.076521,60.0,24.0,6.0,0.417641,121.67777777777778,5.083888888888889,10.0
1629291483.0,366975760.0,37.812479,-122.458665,10.880183,-0.972542,0.232726,60.0,25.0,9.0,0.764482,1629291483.0,367533950.0,37.815673,-122.473702,6.297213,-0.997061,0.07661,60.0,24.0,6.0,0.417607,121.68333333333334,5.0841666666666665,10.0
1629291484.0,366975760.0,37.81249,-122.458727,10.88104,-0.972434,0.233177,60.0,25.0,9.0,0.762126,1629291484.0,367533950.0,37.815676,-122.473739,6.284508,-0.997057,0.076658,60.0,24.0,6.0,0.417659,121.68888888888888,5.084444444444444,10.0
1629291485.0,366975760.0,37.812502,-122.458789,10.881703,-0.972327,0.233625,60.0,25.0,9.0,0.759769,1629291485.0,367533950.0,37.815678,-122.473776,6.272501,-0.997057,0.076665,60.0,24.0,6.0,0.417799,121.69444444444444,5.084722222222222,10.0
1629291486.0,366975760.0,37.812514,-122.45885,10.882173,-0.97222,0.23407,60.0,25.0,9.0,0.757412,1629291486.0,367533950.0,37.81568,-122.473813,6.261189,-0.99706,0.07663,60.0,24.0,6.0,0.418024,121.7,5.085,10.0
1629291487.0,366975760.0,37.812526,-122.458912,10.882449,-0.972113,0.234512,60.0,25.0,9.0,0.755056,1629291487.0,367533950.0,37.815682,-122.473849,6.250575,-0.997065,0.076554,60.0,24.0,6.0,0.418336,121.70555555555556,5.085277777777778,10.0
1629291488.0,366975760.0,37.812538,-122.458974,10.882531,-0.972007,0.234952,60.0,25.0,9.0,0.752699,1629291488.0,367533950.0,37.815685,-122.473886,6.240656,-0.997075,0.076435,60.0,24.0,6.0,0.418734,121.71111111111112,5.085555555555556,10.0
1629291489.0,366975760.0,37.812549,-122.459036,10.88242,-0.971901,0.23539,60.0,25.0,9.0,0.750343,1629291489.0,367533950.0,37.815687,-122.473922,6.231435,-0.997087,0.076275,60.0,24.0,6.0,0.419216,121.71666666666668,5.085833333333333,10.0
1629291490.0,366975760.0,37.812561,-122.459098,10.882115,-0.971796,0.235824,60.0,25.0,9.0,0.747986,1629291490.0,367533950.0,37.815689,-122.473958,6.22291,-0.997102,0.076072,60.0,24.0,6.0,0.419784,121.72222222222224,5.086111111111111,10.0
1629291491.0,366975760.0,37.812573,-122.45916,10.881616,-0.971691,0.236256,60.0,25.0,9.0,0.74563,1629291491.0,367533950.0,37.815691,-122.473995,6.215083,-0.997121,0.075827,60.0,24.0,6.0,0.420436,121.72777777777776,5.086388888888889,10.0
1629291492.0,366975760.0,37.812585,-122.459222,10.880923,-0.971586,0.236686,60.0,25.0,9.0,0.743274,1629291492.0,367533950.0,37.815693,-122.474031,6.207953,-0.997143,0.07554,60.0,24.0,6.0,0.421171,121.73333333333332,5.086666666666667,10.0
1629291493.0,366975760.0,37.812597,-122.459284,10.880036,-0.971482,0.237113,60.0,25.0,9.0,0.740918,1629291493.0,367533950.0,37.815695,-122.474067,6.20152,-0.997168,0.07521,60.0,24.0,6.0,0.42199,121.7388888888889,5.086944444444445,10.0
1629291494.0,366975760.0,37.812609,-122.459346,10.878956,-0.971378,0.237537,60.0,25.0,9.0,0.738563,1629291494.0,367533950.0,37.815698,-122.474104,6.195784,-0.997196,0.074838,60.0,24.0,6.0,0.422892,121.74444444444444,5.087222222222223,10.0
1629291495.0,366975760.0,37.812621,-122.459408,10.877682,-0.971275,0.237959,60.0,25.0,9.0,0.736208,1629291495.0,367533950.0,37.8157,-122.47414,6.190747,-0.997227,0.074423,60.0,24.0,6.0,0.423877,121.75,5.0875,10.0
1629291496.0,366975760.0,37.812633,-122.45947,10.876213,-0.971172,0.238378,60.0,25.0,9.0,0.733853,1629291496.0,367533950.0,37.815702,-122.474176,6.186408,-0.997261,0.073966,60.0,24.0,6.0,0.424943,121.75555555555556,5.087777777777778,10.0
1629291497.0,366975760.0,37.812645,-122.459532,10.874551,-0.97107,0.238795,60.0,25.0,9.0,0.731499,1629291497.0,367533950.0,37.815704,-122.474212,6.182768,-0.997298,0.073467,60.0,24.0,6.0,0.426091,121.7611111111111,5.088055555555556,10.0
1629291498.0,366975760.0,37.812657,-122.459593,10.872694,-0.970968,0.23921,60.0,25.0,9.0,0.729145,1629291498.0,367533950.0,37.815706,-122.474248,6.179827,-0.997337,0.072925,60.0,24.0,6.0,0.42732,121.76666666666668,5.088333333333333,10.0
1629291499.0,366975760.0,37.812669,-122.459655,10.870644,-0.970866,0.239622,60.0,25.0,9.0,0.726792,1629291499.0,367533950.0,37.815708,-122.474284,6.177585,-0.99738,0.072341,60.0,24.0,6.0,0.42863,121.77222222222224,5.088611111111111,10.0
1629291500.0,366975760.0,37.812681,-122.459717,10.868399,-0.970765,0.240032,60.0,25.0,9.0,0.724439,1629291500.0,367533950.0,37.81571,-122.47432,6.176043,-0.997425,0.071716,60.0,24.0,6.0,0.430019,121.77777777777776,5.088888888888889,10.0
1629291501.0,366975760.0,37.812693,-122.459779,10.86596,-0.970664,0.24044,60.0,25.0,9.0,0.722087,1629291501.0,367533950.0,37.815712,-122.474356,6.175202,-0.997473,0.071048,60.0,24.0,6.0,0.431489,121.78333333333332,5.089166666666666,10.0
1629291502.0,366975760.0,37.812705,-122.459841,10.863327,-0.970564,0.240845,60.0,25.0,9.0,0.719736,1629291502.0,367533950.0,37.815714,-122.474392,6.175061,-0.997523,0.070339,60.0,24.0,6.0,0.433037,121.78888888888888,5.089444444444444,10.0
1629291503.0,366975760.0,37.812717,-122.459902,10.8605,-0.970464,0.241248,60.0,25.0,9.0,0.717385,1629291503.0,367533950.0,37.815716,-122.474428,6.175622,-0.997576,0.069588,60.0,24.0,6.0,0.434663,121.79444444444444,5.089722222222222,10.0
1629291504.0,366975760.0,37.812729,-122.459964,10.857479,-0.970364,0.241648,60.0,25.0,9.0,0.715035,1629291504.0,367533950.0,37.815718,-122.474465,6.176885,-0.997631,0.068796,60.0,24.0,6.0,0.436368,121.8,5.09,10.0
1629291505.0,366975760.0,37.812741,-122.460026,10.854263,-0.970265,0.242046,60.0,25.0,9.0,0.712685,1629291505.0,367533950.0,37.81572,-122.474501,6.178851,-0.997688,0.067964,60.0,24.0,6.0,0.43815,121.80555555555556,5.090277777777778,10.0
1629291506.0,366975760.0,37.812754,-122.460087,10.850853,-0.970166,0.242442,60.0,25.0,9.0,0.710337,1629291506.0,367533950.0,37.815722,-122.474537,6.18152,-0.997747,0.067091,60.0,24.0,6.0,0.440009,121.81111111111112,5.090555555555556,10.0
1629291507.0,366975760.0,37.812766,-122.460149,10.847248,-0.970067,0.242836,60.0,25.0,9.0,0.707989,1629291507.0,367533950.0,37.815724,-122.474573,6.184893,-0.997808,0.066177,60.0,24.0,6.0,0.441945,121.81666666666666,5.090833333333333,10.0
1629291508.0,366975760.0,37.812778,-122.460211,10.84345,-0.969969,0.243228,60.0,25.0,9.0,0.705643,1629291508.0,367533950.0,37.815726,-122.474609,6.188971,-0.997871,0.065224,60.0,24.0,6.0,0.443957,121.82222222222222,5.091111111111111,10.0
1629291509.0,366975760.0,37.81279,-122.460272,10.839456,-0.969871,0.243617,60.0,25.0,9.0,0.703297,1629291509.0,367533950.0,37.815728,-122.474645,6.193754,-0.997935,0.064232,60.0,24.0,6.0,0.446045,121.82777777777778,5.091388888888889,10.0
1629291510.0,366975760.0,37.812802,-122.460334,10.835269,-0.969774,0.244004,60.0,25.0,9.0,0.700952,1629291510.0,367533950.0,37.81573,-122.474681,6.199243,-0.998001,0.0632,60.0,24.0,6.0,0.448207,121.83333333333331,5.091666666666667,10.0
1629291511.0,366975760.0,37.812815,-122.460395,10.830887,-0.969677,0.244389,60.0,25.0,9.0,0.698608,1629291511.0,367533950.0,37.815732,-122.474718,6.205439,-0.998068,0.06213,60.0,24.0,6.0,0.450445,121.83888888888887,5.091944444444445,10.0
1629291512.0,366975760.0,37.812827,-122.460457,10.82631,-0.969581,0.244772,60.0,25.0,9.0,0.696265,1629291512.0,367533950.0,37.815733,-122.474754,6.212342,-0.998136,0.061022,60.0,24.0,6.0,0.452756,121.84444444444443,5.092222222222222,10.0
1629291513.0,366975760.0,37.812839,-122.460518,10.821539,-0.969484,0.245153,60.0,25.0,9.0,0.693924,1629291513.0,367533950.0,37.815735,-122.47479,6.219954,-0.998206,0.059876,60.0,24.0,6.0,0.455142,121.85,5.0925,10.0
1629291514.0,366975760.0,37.812851,-122.46058,10.816573,-0.969389,0.245532,60.0,25.0,9.0,0.691583,1629291514.0,367533950.0,37.815737,-122.474827,6.228276,-0.998276,0.058694,60.0,24.0,6.0,0.457601,121.85555555555555,5.092777777777778,10.0
1629291515.0,366975760.0,37.812864,-122.460641,10.811413,-0.969293,0.245908,60.0,25.0,9.0,0.689244,1629291515.0,367533950.0,37.815739,-122.474863,6.237307,-0.998347,0.057474,60.0,24.0,6.0,0.460132,121.86111111111111,5.093055555555556,10.0
1629291516.0,366975760.0,37.812876,-122.460703,10.806058,-0.969198,0.246283,60.0,25.0,9.0,0.686906,1629291516.0,367533950.0,37.81574,-122.474899,6.24705,-0.998418,0.056219,60.0,24.0,6.0,0.462736,121.86666666666666,5.093333333333334,10.0
1629291517.0,366975760.0,37.812888,-122.460764,10.800508,-0.969103,0.246655,60.0,25.0,9.0,0.684569,1629291517.0,367533950.0,37.815742,-122.474936,6.257504,-0.99849,0.054929,60.0,24.0,6.0,0.465413,121.87222222222222,5.093611111111112,10.0
1629291518.0,366975760.0,37.812901,-122.460825,10.794764,-0.969009,0.247026,60.0,25.0,9.0,0.682234,1629291518.0,367533950.0,37.815743,-122.474973,6.268671,-0.998562,0.053603,60.0,24.0,6.0,0.468161,121.87777777777778,5.0938888888888885,10.0
1629291519.0,366975760.0,37.812913,-122.460886,10.788825,-0.968915,0.247394,60.0,25.0,9.0,0.6799,1629291519.0,367533950.0,37.815745,-122.475009,6.280552,-0.998634,0.052244,60.0,24.0,6.0,0.47098,121.88333333333334,5.094166666666666,10.0
1629291520.0,366975760.0,37.812925,-122.460948,10.782692,-0.968821,0.24776,60.0,25.0,9.0,0.677567,1629291520.0,367533950.0,37.815746,-122.475046,6.293148,-0.998706,0.050851,60.0,24.0,6.0,0.473871,121.88888888888889,5.094444444444444,10.0
1629291521.0,366975760.0,37.812938,-122.461009,10.776363,-0.968728,0.248125,60.0,25.0,9.0,0.675236,1629291521.0,367533950.0,37.815748,-122.475083,6.306459,-0.998778,0.049426,60.0,24.0,6.0,0.476832,121.89444444444445,5.094722222222222,10.0
1629291522.0,366975760.0,37.81295,-122.46107,10.769909,-0.968635,0.248489,60.0,25.0,9.0,0.672906,1629291522.0,367533950.0,37.815749,-122.47512,6.320487,-0.998849,0.047968,60.0,24.0,6.0,0.479863,121.9,5.095,10.0
1629291523.0,366975760.0,37.812962,-122.461131,10.763608,-0.96854,0.248856,60.0,25.0,9.0,0.670577,1629291523.0,367533950.0,37.815751,-122.475157,6.335232,-0.998919,0.046479,60.0,24.0,6.0,0.482964,121.90555555555557,5.095277777777778,10.0
1629291524.0,366975760.0,37.812975,-122.461192,10.757528,-0.968445,0.249229,60.0,25.0,9.0,0.668251,1629291524.0,367533950.0,37.815752,-122.475194,6.350695,-0.998989,0.044959,60.0,24.0,6.0,0.486135,121.91111111111113,5.095555555555555,10.0
1629291525.0,366975760.0,37.812987,-122.461253,10.751669,-0.968347,0.249606,60.0,25.0,9.0,0.665925,1629291525.0,367533950.0,37.815753,-122.475231,6.366879,-0.999057,0.043409,60.0,24.0,6.0,0.489376,121.91666666666669,5.095833333333333,10.0
1629291526.0,366975760.0,37.813,-122.461314,10.746033,-0.968249,0.249989,60.0,25.0,9.0,0.663601,1629291526.0,367533950.0,37.815755,-122.475268,6.383782,-0.999125,0.04183,60.0,24.0,6.0,0.492685,121.92222222222222,5.096111111111111,10.0
1629291527.0,366975760.0,37.813012,-122.461375,10.740618,-0.968148,0.250377,60.0,25.0,9.0,0.661279,1629291527.0,367533950.0,37.815756,-122.475305,6.401407,-0.999191,0.040222,60.0,24.0,6.0,0.496063,121.92777777777778,5.096388888888889,10.0
1629291528.0,366975760.0,37.813024,-122.461436,10.735425,-0.968047,0.250769,60.0,25.0,9.0,0.658957,1629291528.0,367533950.0,37.815757,-122.475343,6.419754,-0.999255,0.038587,60.0,24.0,6.0,0.49951,121.93333333333334,5.096666666666667,10.0
1629291529.0,366975760.0,37.813037,-122.461497,10.730454,-0.967944,0.251167,60.0,25.0,9.0,0.656637,1629291529.0,367533950.0,37.815758,-122.47538,6.438825,-0.999318,0.036925,60.0,24.0,6.0,0.503024,121.93888888888888,5.0969444444444445,10.0
1629291530.0,366975760.0,37.813049,-122.461558,10.725705,-0.967839,0.25157,60.0,25.0,9.0,0.654318,1629291530.0,367533950.0,37.815759,-122.475418,6.458621,-0.999379,0.035237,60.0,24.0,6.0,0.506607,121.94444444444444,5.097222222222222,10.0
1629291531.0,366975760.0,37.813062,-122.461618,10.721178,-0.967733,0.251977,60.0,25.0,9.0,0.652001,1629291531.0,367533950.0,37.815761,-122.475456,6.479141,-0.999438,0.033523,60.0,24.0,6.0,0.510258,121.95,5.0975,10.0
1629291532.0,366975760.0,37.813074,-122.461679,10.716873,-0.967626,0.25239,60.0,25.0,9.0,0.649684,1629291532.0,367533950.0,37.815762,-122.475494,6.500389,-0.999495,0.031785,60.0,24.0,6.0,0.513976,121.95555555555556,5.097777777777778,10.0
1629291533.0,366975760.0,37.813087,-122.46174,10.71279,-0.967517,0.252807,60.0,25.0,9.0,0.647368,1629291533.0,367533950.0,37.815762,-122.475532,6.522363,-0.999549,0.030023,60.0,24.0,6.0,0.517762,121.96111111111112,5.098055555555556,10.0
1629291534.0,366975760.0,37.813099,-122.461801,10.708929,-0.967406,0.253229,60.0,25.0,9.0,0.645054,1629291534.0,367533950.0,37.815763,-122.47557,6.545067,-0.999601,0.028239,60.0,24.0,6.0,0.521615,121.96666666666668,5.098333333333334,10.0
1629291535.0,366975760.0,37.813112,-122.461861,10.705291,-0.967294,0.253656,60.0,25.0,9.0,0.64274,1629291535.0,367533950.0,37.815764,-122.475608,6.568499,-0.999651,0.026432,60.0,24.0,6.0,0.525535,121.97222222222224,5.098611111111111,10.0
1629291536.0,366975760.0,37.813125,-122.461922,10.701875,-0.967181,0.254088,60.0,25.0,9.0,0.640428,1629291536.0,367533950.0,37.815765,-122.475647,6.592662,-0.999697,0.024604,60.0,24.0,6.0,0.529523,121.97777777777776,5.098888888888889,10.0
1629291537.0,366975760.0,37.813137,-122.461983,10.698682,-0.967066,0.254525,60.0,25.0,9.0,0.638116,1629291537.0,367533950.0,37.815766,-122.475685,6.617557,-0.999741,0.022756,60.0,24.0,6.0,0.533577,121.98333333333332,5.099166666666667,10.0
1629291538.0,366975760.0,37.81315,-122.462043,10.695711,-0.96695,0.254966,60.0,25.0,9.0,0.635805,1629291538.0,367533950.0,37.815766,-122.475724,6.643184,-0.999782,0.020888,60.0,24.0,6.0,0.537697,121.9888888888889,5.099444444444444,10.0
1629291539.0,366975760.0,37.813162,-122.462104,10.692963,-0.966832,0.255412,60.0,25.0,9.0,0.633495,1629291539.0,367533950.0,37.815767,-122.475763,6.669545,-0.999819,0.019001,60.0,24.0,6.0,0.541885,121.99444444444444,5.099722222222222,10.0
1629291540.0,366975760.0,37.813175,-122.462164,10.690437,-0.966713,0.255863,60.0,25.0,9.0,0.631185,1629291540.0,367533950.0,37.815768,-122.475802,6.69664,-0.999854,0.017097,60.0,24.0,6.0,0.546138,122.0,5.1,10.0
1629291541.0,366975760.0,37.813188,-122.462225,10.688134,-0.966592,0.256319,60.0,25.0,9.0,0.628877,1629291541.0,367533950.0,37.815768,-122.475841,6.72447,-0.999885,0.015176,60.0,24.0,6.0,0.550459,122.00555555555556,5.1002777777777775,10.0
1629291542.0,366975760.0,37.8132,-122.462285,10.686054,-0.96647,0.256779,60.0,25.0,9.0,0.626569,1629291542.0,367533950.0,37.815769,-122.475881,6.753036,-0.999912,0.013238,60.0,24.0,6.0,0.554846,122.0111111111111,5.100555555555555,10.0
1629291543.0,366975760.0,37.813213,-122.462346,10.684197,-0.966346,0.257244,60.0,25.0,9.0,0.624261,1629291543.0,367533950.0,37.815769,-122.47592,6.78234,-0.999936,0.011285,60.0,24.0,6.0,0.559299,122.01666666666668,5.100833333333333,10.0
1629291544.0,366975760.0,37.813226,-122.462406,10.682563,-0.966221,0.257714,60.0,25.0,9.0,0.621954,1629291544.0,367533950.0,37.815769,-122.47596,6.812382,-0.999957,0.009318,60.0,24.0,6.0,0.563818,122.02222222222224,5.101111111111111,10.0
1629291545.0,366975760.0,37.813238,-122.462467,10.681152,-0.966095,0.258188,60.0,25.0,9.0,0.619648,1629291545.0,367533950.0,37.81577,-122.476,6.843163,-0.999973,0.007336,60.0,24.0,6.0,0.568404,122.02777777777776,5.101388888888889,10.0
1629291546.0,366975760.0,37.813251,-122.462527,10.679964,-0.965967,0.258666,60.0,25.0,9.0,0.617342,1629291546.0,367533950.0,37.81577,-122.47604,6.874263,-0.999986,0.005369,60.0,24.0,6.0,0.573056,122.03333333333332,5.101666666666667,10.0
1629291547.0,366975760.0,37.813264,-122.462588,10.678999,-0.965837,0.25915,60.0,25.0,9.0,0.615037,1629291547.0,367533950.0,37.81577,-122.47608,6.903996,-0.999994,0.003525,60.0,24.0,6.0,0.577774,122.03888888888888,5.101944444444444,10.0
1629291548.0,366975760.0,37.813277,-122.462648,10.678258,-0.965706,0.259637,60.0,25.0,9.0,0.612732,1629291548.0,367533950.0,37.81577,-122.476121,6.931937,-0.999998,0.001826,60.0,24.0,6.0,0.582556,122.04444444444444,5.102222222222222,10.0
1629291549.0,366975760.0,37.81329,-122.462708,10.677739,-0.965574,0.260129,60.0,25.0,9.0,0.610427,1629291549.0,367533950.0,37.81577,-122.476161,6.958079,-1.0,0.000271,60.0,24.0,6.0,0.5874,122.05,5.1025,10.0
1629291550.0,366975760.0,37.813302,-122.462769,10.677445,-0.96544,0.260626,60.0,25.0,9.0,0.608123,1629291550.0,367533950.0,37.81577,-122.476202,6.98242,-0.999999,-0.001143,60.0,24.0,6.0,0.592303,122.05555555555556,5.102777777777778,10.0
1629291551.0,366975760.0,37.813315,-122.462829,10.677373,-0.965305,0.261127,60.0,25.0,9.0,0.605819,1629291551.0,367533950.0,37.81577,-122.476243,7.004954,-0.999997,-0.00242,60.0,24.0,6.0,0.597263,122.06111111111112,5.103055555555556,10.0
1629291552.0,366975760.0,37.813328,-122.462889,10.677526,-0.965168,0.261632,60.0,25.0,9.0,0.603515,1629291552.0,367533950.0,37.81577,-122.476284,7.025679,-0.999994,-0.003561,60.0,24.0,6.0,0.602277,122.06666666666666,5.1033333333333335,10.0
1629291553.0,366975760.0,37.813341,-122.46295,10.677901,-0.965029,0.262142,60.0,25.0,9.0,0.601211,1629291553.0,367533950.0,37.81577,-122.476325,7.044591,-0.99999,-0.004569,60.0,24.0,6.0,0.607344,122.07222222222222,5.103611111111111,10.0
1629291554.0,366975760.0,37.813354,-122.46301,10.678501,-0.96489,0.262656,60.0,25.0,9.0,0.598907,1629291554.0,367533950.0,37.81577,-122.476366,7.061688,-0.999985,-0.005445,60.0,24.0,6.0,0.612461,122.07777777777778,5.103888888888889,10.0
1629291555.0,366975760.0,37.813367,-122.46307,10.679324,-0.964748,0.263174,60.0,25.0,9.0,0.596603,1629291555.0,367533950.0,37.81577,-122.476408,7.076967,-0.999981,-0.006191,60.0,24.0,6.0,0.617625,122.08333333333331,5.104166666666667,10.0
1629291556.0,366975760.0,37.81338,-122.463131,10.680372,-0.964606,0.263696,60.0,25.0,9.0,0.5943,1629291556.0,367533950.0,37.81577,-122.476449,7.090425,-0.999977,-0.006809,60.0,24.0,6.0,0.622833,122.08888888888887,5.104444444444445,10.0
1629291557.0,366975760.0,37.813393,-122.463191,10.681643,-0.964462,0.264223,60.0,25.0,9.0,0.591996,1629291557.0,367533950.0,37.815769,-122.476491,7.102063,-0.999973,-0.007299,60.0,24.0,6.0,0.628085,122.09444444444443,5.104722222222223,10.0
1629291558.0,366975760.0,37.813406,-122.463251,10.683138,-0.964316,0.264754,60.0,25.0,9.0,0.589692,1629291558.0,367533950.0,37.815769,-122.476532,7.111877,-0.999971,-0.007663,60.0,24.0,6.0,0.633376,122.1,5.105,10.0
1629291559.0,366975760.0,37.813419,-122.463312,10.684857,-0.964169,0.265289,60.0,25.0,9.0,0.587389,1629291559.0,367533950.0,37.815769,-122.476574,7.119867,-0.999969,-0.007901,60.0,24.0,6.0,0.638705,122.10555555555555,5.105277777777777,10.0
1629291560.0,366975760.0,37.813432,-122.463372,10.686801,-0.964021,0.265828,60.0,25.0,9.0,0.585085,1629291560.0,367533950.0,37.815769,-122.476616,7.126033,-0.999968,-0.008014,60.0,24.0,6.0,0.64407,122.11111111111111,5.105555555555555,10.0
1629291561.0,366975760.0,37.813446,-122.463432,10.688969,-0.963871,0.266371,60.0,25.0,9.0,0.58278,1629291561.0,367533950.0,37.815768,-122.476657,7.130374,-0.999968,-0.008003,60.0,24.0,6.0,0.649467,122.11666666666666,5.105833333333333,10.0
1629291562.0,366975760.0,37.813459,-122.463493,10.691361,-0.963719,0.266918,60.0,25.0,9.0,0.580476,1629291562.0,367533950.0,37.815768,-122.476699,7.13289,-0.999969,-0.007867,60.0,24.0,6.0,0.654894,122.12222222222222,5.106111111111111,10.0
1629291563.0,366975760.0,37.813472,-122.463553,10.693977,-0.963567,0.267468,60.0,25.0,9.0,0.578171,1629291563.0,367533950.0,37.815768,-122.476741,7.133582,-0.999971,-0.007607,60.0,24.0,6.0,0.66035,122.12777777777778,5.106388888888889,10.0
1629291564.0,366975760.0,37.813485,-122.463613,10.696818,-0.963412,0.268023,60.0,25.0,9.0,0.575866,1629291564.0,367533950.0,37.815768,-122.476783,7.132449,-0.999974,-0.007222,60.0,24.0,6.0,0.665831,122.13333333333334,5.1066666666666665,10.0
1629291565.0,366975760.0,37.813498,-122.463674,10.699884,-0.963257,0.268582,60.0,25.0,9.0,0.573561,1629291565.0,367533950.0,37.815767,-122.476824,7.129495,-0.999977,-0.006713,60.0,24.0,6.0,0.671335,122.13888888888889,5.106944444444444,10.0
1629291566.0,366975760.0,37.813512,-122.463734,10.703174,-0.9631,0.269145,60.0,25.0,9.0,0.571255,1629291566.0,367533950.0,37.815767,-122.476866,7.124718,-0.999982,-0.006078,60.0,24.0,6.0,0.67686,122.14444444444445,5.107222222222222,10.0
1629291567.0,366975760.0,37.813525,-122.463795,10.706689,-0.962941,0.269711,60.0,25.0,9.0,0.568948,1629291567.0,367533950.0,37.815767,-122.476908,7.118123,-0.999986,-0.005318,60.0,24.0,6.0,0.682403,122.15,5.1075,10.0
1629291568.0,366975760.0,37.813538,-122.463855,10.710429,-0.962781,0.270281,60.0,25.0,9.0,0.566642,1629291568.0,367533950.0,37.815767,-122.47695,7.109709,-0.99999,-0.00443,60.0,24.0,6.0,0.687962,122.15555555555557,5.107777777777778,10.0
1629291569.0,366975760.0,37.813552,-122.463915,10.714394,-0.96262,0.270855,60.0,25.0,9.0,0.564334,1629291569.0,367533950.0,37.815767,-122.476991,7.099481,-0.999994,-0.003414,60.0,24.0,6.0,0.693535,122.16111111111113,5.108055555555556,10.0
1629291570.0,366975760.0,37.813565,-122.463976,10.718584,-0.962457,0.271433,60.0,25.0,9.0,0.562026,1629291570.0,367533950.0,37.815766,-122.477033,7.087439,-0.999997,-0.002268,60.0,24.0,6.0,0.699118,122.16666666666669,5.108333333333333,10.0
1629291571.0,366975760.0,37.813579,-122.464036,10.722998,-0.962293,0.272014,60.0,25.0,9.0,0.559717,1629291571.0,367533950.0,37.815766,-122.477074,7.073589,-1.0,-0.000991,60.0,24.0,6.0,0.704711,122.17222222222222,5.108611111111111,10.0
1629291572.0,366975760.0,37.813592,-122.464097,10.727638,-0.962128,0.272599,60.0,25.0,9.0,0.557408,1629291572.0,367533950.0,37.815766,-122.477116,7.057933,-1.0,0.000418,60.0,24.0,6.0,0.71031,122.17777777777778,5.108888888888889,10.0
1629291573.0,366975760.0,37.813606,-122.464157,10.732503,-0.961961,0.273187,60.0,25.0,9.0,0.555098,1629291573.0,367533950.0,37.815766,-122.477157,7.040474,-0.999998,0.001962,60.0,24.0,6.0,0.715913,122.18333333333334,5.109166666666667,10.0
1629291574.0,366975760.0,37.813619,-122.464217,10.737594,-0.961793,0.273779,60.0,25.0,9.0,0.552787,1629291574.0,367533950.0,37.815766,-122.477198,7.021219,-0.999993,0.003644,60.0,24.0,6.0,0.721517,122.18888888888888,5.109444444444445,10.0
1629291575.0,366975760.0,37.813633,-122.464278,10.742909,-0.961623,0.274374,60.0,25.0,9.0,0.550475,1629291575.0,367533950.0,37.815767,-122.477239,7.00017,-0.999985,0.005464,60.0,24.0,6.0,0.727121,122.19444444444444,5.109722222222223,10.0
1629291576.0,366975760.0,37.813646,-122.464338,10.748451,-0.961452,0.274973,60.0,25.0,9.0,0.548162,1629291576.0,367533950.0,37.815767,-122.47728,6.977334,-0.999972,0.007427,60.0,24.0,6.0,0.732722,122.2,5.11,10.0
1629291577.0,366975760.0,37.81366,-122.464399,10.754217,-0.96128,0.275575,60.0,25.0,9.0,0.545849,1629291577.0,367533950.0,37.815767,-122.477321,6.952715,-0.999955,0.009535,60.0,24.0,6.0,0.738318,122.20555555555556,5.110277777777778,10.0
1629291578.0,366975760.0,37.813674,-122.464459,10.76021,-0.961106,0.27618,60.0,25.0,9.0,0.543534,1629291578.0,367533950.0,37.815767,-122.477362,6.926321,-0.99993,0.011791,60.0,24.0,6.0,0.743906,122.21111111111112,5.110555555555556,10.0
1629291579.0,366975760.0,37.813688,-122.46452,10.766428,-0.960931,0.276789,60.0,25.0,9.0,0.541219,1629291579.0,367533950.0,37.815768,-122.477403,6.898157,-0.999899,0.014198,60.0,24.0,6.0,0.749484,122.21666666666668,5.110833333333334,10.0
1629291580.0,366975760.0,37.813701,-122.464581,10.772872,-0.960754,0.277401,60.0,25.0,9.0,0.538902,1629291580.0,367533950.0,37.815768,-122.477443,6.868232,-0.99986,0.016761,60.0,24.0,6.0,0.75505,122.22222222222224,5.111111111111111,10.0
1629291581.0,366975760.0,37.813715,-122.464641,10.779541,-0.960577,0.278016,60.0,25.0,9.0,0.536584,1629291581.0,367533950.0,37.815769,-122.477483,6.836552,-0.99981,0.019483,60.0,24.0,6.0,0.760602,122.22777777777776,5.1113888888888885,10.0
1629291582.0,366975760.0,37.813729,-122.464702,10.786437,-0.960397,0.278634,60.0,25.0,9.0,0.534265,1629291582.0,367533950.0,37.815769,-122.477523,6.803125,-0.99975,0.022368,60.0,24.0,6.0,0.766137,122.23333333333332,5.111666666666666,10.0
1629291583.0,366975760.0,37.813743,-122.464763,10.793558,-0.960217,0.279255,60.0,25.0,9.0,0.531945,1629291583.0,367533950.0,37.81577,-122.477563,6.767962,-0.999677,0.025422,60.0,24.0,6.0,0.771652,122.2388888888889,5.111944444444444,10.0
1629291584.0,366975760.0,37.813757,-122.464823,10.800906,-0.960035,0.279879,60.0,25.0,9.0,0.529624,1629291584.0,367533950.0,37.815771,-122.477603,6.731072,-0.99959,0.028649,60.0,24.0,6.0,0.777146,122.24444444444444,5.112222222222222,10.0
1629291585.0,366975760.0,37.813771,-122.464884,10.80848,-0.959852,0.280507,60.0,25.0,9.0,0.527301,1629291585.0,367533950.0,37.815772,-122.477642,6.692464,-0.999486,0.032054,60.0,24.0,6.0,0.782617,122.25,5.1125,10.0
1629291586.0,366975760.0,37.813785,-122.464945,10.81628,-0.959668,0.281137,60.0,25.0,9.0,0.524977,1629291586.0,367533950.0,37.815773,-122.477681,6.652151,-0.999365,0.035644,60.0,24.0,6.0,0.788062,122.25555555555556,5.112777777777778,10.0
1629291587.0,366975760.0,37.813799,-122.465006,10.824306,-0.959482,0.28177,60.0,25.0,9.0,0.522652,1629291587.0,367533950.0,37.815774,-122.47772,6.610143,-0.999223,0.039423,60.0,24.0,6.0,0.793479,122.2611111111111,5.113055555555556,10.0
1629291588.0,366975760.0,37.813813,-122.465066,10.832559,-0.959295,0.282406,60.0,25.0,9.0,0.520325,1629291588.0,367533950.0,37.815775,-122.477759,6.566455,-0.999058,0.0434,60.0,24.0,6.0,0.798866,122.26666666666668,5.113333333333333,10.0
1629291589.0,366975760.0,37.813827,-122.465127,10.841039,-0.959107,0.283045,60.0,25.0,9.0,0.517997,1629291589.0,367533950.0,37.815776,-122.477797,6.521098,-0.998867,0.04758,60.0,24.0,6.0,0.80422,122.27222222222224,5.113611111111111,10.0
1629291590.0,366975760.0,37.813841,-122.465188,10.849744,-0.958917,0.283687,60.0,25.0,9.0,0.515668,1629291590.0,367533950.0,37.815778,-122.477835,6.47409,-0.998649,0.051971,60.0,24.0,6.0,0.80954,122.27777777777776,5.113888888888889,10.0
1629291591.0,366975760.0,37.813856,-122.465249,10.858677,-0.958726,0.284331,60.0,25.0,9.0,0.513337,1629291591.0,367533950.0,37.815779,-122.477873,6.425444,-0.998398,0.056581,60.0,24.0,6.0,0.814823,122.28333333333332,5.114166666666667,10.0
1629291592.0,366975760.0,37.81387,-122.46531,10.8674,-0.958531,0.284987,60.0,25.0,9.0,0.511004,1629291592.0,367533950.0,37.815781,-122.477911,6.375178,-0.998112,0.061419,60.0,24.0,6.0,0.820066,122.28888888888888,5.114444444444445,10.0
1629291593.0,366975760.0,37.813884,-122.465371,10.874168,-0.958322,0.285689,60.0,25.0,9.0,0.508669,1629291593.0,367533950.0,37.815783,-122.477948,6.323311,-0.997787,0.066492,60.0,24.0,6.0,0.825269,122.29444444444444,5.114722222222222,10.0
1629291594.0,366975760.0,37.813899,-122.465432,10.878548,-0.958096,0.286448,60.0,25.0,9.0,0.506334,1629291594.0,367533950.0,37.815785,-122.477985,6.269861,-0.997418,0.071812,60.0,24.0,6.0,0.830428,122.3,5.115,10.0
1629291595.0,366975760.0,37.813913,-122.465493,10.880541,-0.957852,0.287263,60.0,25.0,9.0,0.503998,1629291595.0,367533950.0,37.815787,-122.478022,6.21485,-0.997001,0.077387,60.0,24.0,6.0,0.835542,122.30555555555556,5.115277777777778,10.0
1629291596.0,366975760.0,37.813928,-122.465554,10.880148,-0.95759,0.288135,60.0,25.0,9.0,0.501662,1629291596.0,367533950.0,37.815789,-122.478058,6.158301,-0.99653,0.083229,60.0,24.0,6.0,0.840608,122.31111111111112,5.115555555555556,10.0
1629291597.0,366975760.0,37.813942,-122.465615,10.877371,-0.95731,0.289065,60.0,25.0,9.0,0.499327,1629291597.0,367533950.0,37.815791,-122.478094,6.100237,-0.996,0.08935,60.0,24.0,6.0,0.845624,122.31666666666666,5.115833333333334,10.0
1629291598.0,366975760.0,37.813957,-122.465676,10.872211,-0.957011,0.290052,60.0,25.0,9.0,0.496993,1629291598.0,367533950.0,37.815794,-122.478129,6.040684,-0.995404,0.09576,60.0,24.0,6.0,0.850588,122.32222222222222,5.116111111111112,10.0
1629291599.0,366975760.0,37.813971,-122.465737,10.864672,-0.956693,0.291099,60.0,25.0,9.0,0.49466,1629291599.0,367533950.0,37.815797,-122.478165,5.979671,-0.994736,0.102475,60.0,24.0,6.0,0.855498,122.32777777777778,5.116388888888889,10.0
1629291600.0,366975760.0,37.813986,-122.465798,10.854755,-0.956356,0.292204,60.0,25.0,9.0,0.492329,1629291600.0,367533950.0,37.815799,-122.4782,5.917227,-0.993986,0.109506,60.0,24.0,6.0,0.860352,122.33333333333331,5.116666666666666,10.0
1629291601.0,366975760.0,37.814001,-122.465859,10.842463,-0.955999,0.29337,60.0,25.0,9.0,0.490002,1629291601.0,367533950.0,37.815802,-122.478234,5.853386,-0.993147,0.116869,60.0,24.0,6.0,0.865148,122.33888888888887,5.116944444444444,10.0
1629291602.0,366975760.0,37.814015,-122.465919,10.827797,-0.955622,0.294597,60.0,25.0,9.0,0.487677,1629291602.0,367533950.0,37.815806,-122.478268,5.788182,-0.99221,0.12458,60.0,24.0,6.0,0.869883,122.34444444444443,5.117222222222222,10.0
1629291603.0,366975760.0,37.81403,-122.46598,10.811189,-0.955229,0.295868,60.0,25.0,9.0,0.485356,1629291603.0,367533950.0,37.815809,-122.478302,5.721653,-0.991162,0.132655,60.0,24.0,6.0,0.874555,122.35,5.1175,10.0
1629291604.0,366975760.0,37.814045,-122.46604,10.79435,-0.954844,0.297109,60.0,25.0,9.0,0.48304,1629291604.0,367533950.0,37.815812,-122.478335,5.65384,-0.989994,0.141111,60.0,24.0,6.0,0.879164,122.35555555555555,5.1177777777777775,10.0
1629291605.0,366975760.0,37.81406,-122.466101,10.777705,-0.954472,0.298302,60.0,25.0,9.0,0.480727,1629291605.0,367533950.0,37.815816,-122.478368,5.584787,-0.988691,0.149967,60.0,24.0,6.0,0.883705,122.36111111111111,5.118055555555555,10.0
1629291606.0,366975760.0,37.814075,-122.466161,10.761252,-0.954113,0.299446,60.0,25.0,9.0,0.478419,1629291606.0,367533950.0,37.81582,-122.4784,5.514601,-0.987247,0.159196,60.0,24.0,6.0,0.888177,122.36666666666666,5.118333333333333,10.0
1629291607.0,366975760.0,37.814089,-122.466221,10.74499,-0.953769,0.300541,60.0,25.0,9.0,0.476116,1629291607.0,367533950.0,37.815824,-122.478432,5.443553,-0.98568,0.168625,60.0,24.0,6.0,0.892579,122.37222222222222,5.118611111111111,10.0
1629291608.0,366975760.0,37.814104,-122.466281,10.728915,-0.953439,0.301587,60.0,25.0,9.0,0.473816,1629291608.0,367533950.0,37.815828,-122.478463,5.371715,-0.983991,0.178219,60.0,24.0,6.0,0.89691,122.37777777777778,5.118888888888889,10.0
1629291609.0,366975760.0,37.814119,-122.466341,10.713028,-0.953123,0.302584,60.0,25.0,9.0,0.47152,1629291609.0,367533950.0,37.815833,-122.478494,5.299096,-0.982171,0.187988,60.0,24.0,6.0,0.901167,122.38333333333334,5.119166666666667,10.0
1629291610.0,366975760.0,37.814134,-122.466401,10.697324,-0.952821,0.303532,60.0,25.0,9.0,0.469228,1629291610.0,367533950.0,37.815837,-122.478525,5.225706,-0.980214,0.197943,60.0,24.0,6.0,0.90535,122.38888888888889,5.1194444444444445,10.0
1629291611.0,366975760.0,37.814149,-122.466461,10.681804,-0.952535,0.30443,60.0,25.0,9.0,0.466941,1629291611.0,367533950.0,37.815842,-122.478555,5.151557,-0.978108,0.208096,60.0,24.0,6.0,0.909458,122.39444444444445,5.119722222222222,10.0
1629291612.0,366975760.0,37.814164,-122.46652,10.666465,-0.952263,0.305277,60.0,25.0,9.0,0.464657,1629291612.0,367533950.0,37.815847,-122.478584,5.076662,-0.975846,0.21846,60.0,24.0,6.0,0.91349,122.4,5.12,10.0
1629291613.0,366975760.0,37.814179,-122.46658,10.651306,-0.952007,0.306075,60.0,25.0,9.0,0.462376,1629291613.0,367533950.0,37.815852,-122.478613,5.001037,-0.973415,0.229048,60.0,24.0,6.0,0.917445,122.40555555555557,5.120277777777778,10.0
1629291614.0,366975760.0,37.814195,-122.466639,10.636326,-0.951767,0.306822,60.0,25.0,9.0,0.4601,1629291614.0,367533950.0,37.815858,-122.478642,4.924699,-0.970804,0.239875,60.0,24.0,6.0,0.921322,122.41111111111113,5.120555555555556,10.0
1629291615.0,366975760.0,37.81421,-122.466698,10.621522,-0.951542,0.307519,60.0,25.0,9.0,0.457827,1629291615.0,367533950.0,37.815863,-122.47867,4.847664,-0.967999,0.250955,60.0,24.0,6.0,0.92512,122.41666666666669,5.120833333333334,10.0
1629291616.0,366975760.0,37.814225,-122.466758,10.606894,-0.951333,0.308165,60.0,25.0,9.0,0.455558,1629291616.0,367533950.0,37.815869,-122.478697,4.769956,-0.964985,0.262305,60.0,24.0,6.0,0.928837,122.42222222222222,5.121111111111111,10.0
1629291617.0,366975760.0,37.81424,-122.466817,10.592441,-0.95114,0.30876,60.0,25.0,9.0,0.453293,1629291617.0,367533950.0,37.815874,-122.478724,4.691595,-0.961746,0.273942,60.0,24.0,6.0,0.932473,122.42777777777778,5.121388888888889,10.0
1629291618.0,366975760.0,37.814255,-122.466876,10.578161,-0.950963,0.309304,60.0,25.0,9.0,0.451031,1629291618.0,367533950.0,37.81588,-122.478751,4.612607,-0.958265,0.285883,60.0,24.0,6.0,0.936026,122.43333333333334,5.121666666666667,10.0
1629291619.0,366975760.0,37.81427,-122.466935,10.564054,-0.950803,0.309796,60.0,25.0,9.0,0.448773,1629291619.0,367533950.0,37.815886,-122.478777,4.53302,-0.95452,0.298147,60.0,24.0,6.0,0.939496,122.43888888888888,5.121944444444445,10.0
1629291620.0,366975760.0,37.814285,-122.466993,10.550118,-0.950659,0.310237,60.0,25.0,9.0,0.446518,1629291620.0,367533950.0,37.815893,-122.478802,4.452866,-0.95049,0.310755,60.0,24.0,6.0,0.942881,122.44444444444444,5.122222222222222,10.0
1629291621.0,366975760.0,37.8143,-122.467052,10.536354,-0.950532,0.310626,60.0,25.0,9.0,0.444266,1629291621.0,367533950.0,37.815899,-122.478827,4.372178,-0.94615,0.323729,60.0,24.0,6.0,0.946181,122.45,5.1225,10.0
1629291622.0,366975760.0,37.814316,-122.467111,10.522759,-0.950422,0.310963,60.0,25.0,9.0,0.442018,1629291622.0,367533950.0,37.815906,-122.478851,4.290994,-0.941473,0.337089,60.0,24.0,6.0,0.949394,122.45555555555556,5.122777777777777,10.0
1629291623.0,366975760.0,37.814331,-122.467169,10.509334,-0.950329,0.311247,60.0,25.0,9.0,0.439772,1629291623.0,367533950.0,37.815912,-122.478875,4.209357,-0.936428,0.350861,60.0,24.0,6.0,0.952519,122.46111111111112,5.123055555555555,10.0
1629291624.0,366975760.0,37.814346,-122.467228,10.496077,-0.950253,0.31148,60.0,25.0,9.0,0.43753,1629291624.0,367533950.0,37.815919,-122.478898,4.127312,-0.930981,0.365069,60.0,24.0,6.0,0.955555,122.46666666666668,5.123333333333333,10.0
1629291625.0,366975760.0,37.814361,-122.467286,10.48299,-0.950194,0.311659,60.0,25.0,9.0,0.435292,1629291625.0,367533950.0,37.815926,-122.47892,4.04491,-0.925094,0.379738,60.0,24.0,6.0,0.958501,122.47222222222224,5.123611111111111,10.0
1629291626.0,366975760.0,37.814376,-122.467345,10.47007,-0.950152,0.311786,60.0,25.0,9.0,0.433056,1629291626.0,367533950.0,37.815933,-122.478942,3.96221,-0.918725,0.394897,60.0,24.0,6.0,0.961356,122.47777777777776,5.123888888888889,10.0
1629291627.0,366975760.0,37.814391,-122.467403,10.457318,-0.950128,0.31186,60.0,25.0,9.0,0.430823,1629291627.0,367533950.0,37.81594,-122.478963,3.879274,-0.911828,0.410573,60.0,24.0,6.0,0.964118,122.48333333333332,5.1241666666666665,10.0
1629291628.0,366975760.0,37.814406,-122.467461,10.444735,-0.950121,0.311881,60.0,25.0,9.0,0.428593,1629291628.0,367533950.0,37.815948,-122.478984,3.796172,-0.904349,0.426794,60.0,24.0,6.0,0.966788,122.4888888888889,5.124444444444444,10.0
1629291629.0,366975760.0,37.814421,-122.467519,10.432319,-0.950132,0.311848,60.0,25.0,9.0,0.426366,1629291629.0,367533950.0,37.815955,-122.479004,3.712982,-0.896229,0.443592,60.0,24.0,6.0,0.969363,122.49444444444444,5.124722222222222,10.0
1629291630.0,366975760.0,37.814436,-122.467577,10.420071,-0.95016,0.311762,60.0,25.0,9.0,0.424142,1629291630.0,367533950.0,37.815963,-122.479024,3.62979,-0.887403,0.460994,60.0,24.0,6.0,0.971843,122.5,5.125,10.0
1629291631.0,366975760.0,37.814451,-122.467635,10.40799,-0.950206,0.311622,60.0,25.0,9.0,0.42192,1629291631.0,367533950.0,37.815971,-122.479043,3.546692,-0.877797,0.479032,60.0,24.0,6.0,0.974226,122.50555555555556,5.125277777777778,10.0
1629291632.0,366975760.0,37.814466,-122.467693,10.396079,-0.95027,0.311428,60.0,25.0,9.0,0.419701,1629291632.0,367533950.0,37.815979,-122.479061,3.463796,-0.86733,0.497734,60.0,24.0,6.0,0.976511,122.5111111111111,5.125555555555556,10.0
1629291633.0,366975760.0,37.814481,-122.467751,10.384335,-0.950351,0.311179,60.0,25.0,9.0,0.417485,1629291633.0,367533950.0,37.815987,-122.479078,3.38122,-0.855909,0.517127,60.0,24.0,6.0,0.978697,122.51666666666668,5.1258333333333335,10.0
1629291634.0,366975760.0,37.814496,-122.467809,10.372761,-0.95045,0.310877,60.0,25.0,9.0,0.415271,1629291634.0,367533950.0,37.815995,-122.479095,3.299096,-0.843432,0.537236,60.0,24.0,6.0,0.980784,122.52222222222224,5.126111111111111,10.0
1629291635.0,366975760.0,37.814511,-122.467866,10.361357,-0.950567,0.31052,60.0,25.0,9.0,0.41306,1629291635.0,367533950.0,37.816003,-122.479112,3.217573,-0.829786,0.558081,60.0,24.0,6.0,0.98277,122.52777777777776,5.126388888888889,10.0
1629291636.0,366975760.0,37.814526,-122.467924,10.350123,-0.950701,0.310108,60.0,25.0,9.0,0.410852,1629291636.0,367533950.0,37.816011,-122.479127,3.136814,-0.814845,0.579679,60.0,24.0,6.0,0.984653,122.53333333333332,5.126666666666667,10.0
1629291637.0,366975760.0,37.814541,-122.467982,10.339059,-0.950853,0.309642,60.0,25.0,9.0,0.408645,1629291637.0,367533950.0,37.81602,-122.479142,3.057002,-0.798469,0.602035,60.0,24.0,6.0,0.986434,122.53888888888888,5.126944444444445,10.0
1629291638.0,366975760.0,37.814556,-122.468039,10.328168,-0.951023,0.30912,60.0,25.0,9.0,0.406441,1629291638.0,367533950.0,37.816028,-122.479157,2.978342,-0.780506,0.625148,60.0,24.0,6.0,0.98811,122.54444444444444,5.127222222222223,10.0
1629291639.0,366975760.0,37.814571,-122.468097,10.31745,-0.95121,0.308543,60.0,25.0,9.0,0.40424,1629291639.0,367533950.0,37.816037,-122.47917,2.901059,-0.760788,0.649,60.0,24.0,6.0,0.989681,122.55,5.1275,10.0
1629291640.0,366975760.0,37.814585,-122.468154,10.306906,-0.951415,0.307911,60.0,25.0,9.0,0.40204,1629291640.0,367533950.0,37.816045,-122.479183,2.825404,-0.739135,0.673557,60.0,24.0,6.0,0.991145,122.55555555555556,5.127777777777778,10.0
1629291641.0,366975760.0,37.8146,-122.468212,10.296537,-0.951637,0.307223,60.0,25.0,9.0,0.399843,1629291641.0,367533950.0,37.816054,-122.479195,2.751657,-0.715352,0.698764,60.0,24.0,6.0,0.992501,122.56111111111112,5.128055555555555,10.0
1629291642.0,366975760.0,37.814615,-122.468269,10.286345,-0.951877,0.30648,60.0,25.0,9.0,0.397647,1629291642.0,367533950.0,37.816063,-122.479207,2.680124,-0.689237,0.724536,60.0,24.0,6.0,0.993749,122.56666666666666,5.128333333333333,10.0
1629291643.0,366975760.0,37.814629,-122.468327,10.27633,-0.952134,0.30568,60.0,25.0,9.0,0.395454,1629291643.0,367533950.0,37.816072,-122.479218,2.611144,-0.660577,0.750759,60.0,24.0,6.0,0.994887,122.57222222222222,5.128611111111111,10.0
1629291644.0,366975760.0,37.814644,-122.468384,10.266495,-0.952408,0.304825,60.0,25.0,9.0,0.393262,1629291644.0,367533950.0,37.816081,-122.479228,2.545085,-0.629161,0.777275,60.0,24.0,6.0,0.995914,122.57777777777778,5.128888888888889,10.0
1629291645.0,366975760.0,37.814658,-122.468441,10.25684,-0.9527,0.303913,60.0,25.0,9.0,0.391073,1629291645.0,367533950.0,37.81609,-122.479237,2.48235,-0.594783,0.803886,60.0,24.0,6.0,0.996829,122.58333333333331,5.129166666666666,10.0
1629291646.0,366975760.0,37.814673,-122.468498,10.247369,-0.953008,0.302945,60.0,25.0,9.0,0.388885,1629291646.0,367533950.0,37.8161,-122.479246,2.423371,-0.557256,0.830341,60.0,24.0,6.0,0.99763,122.58888888888887,5.129444444444444,10.0
1629291647.0,366975760.0,37.814687,-122.468555,10.238082,-0.953333,0.30192,60.0,25.0,9.0,0.386699,1629291647.0,367533950.0,37.816109,-122.479254,2.36861,-0.516422,0.856334,60.0,24.0,6.0,0.998318,122.59444444444443,5.129722222222222,10.0
1629291648.0,366975760.0,37.814701,-122.468613,10.228981,-0.953675,0.300838,60.0,25.0,9.0,0.384515,1629291648.0,367533950.0,37.816118,-122.479261,2.318555,-0.472171,0.881507,60.0,24.0,6.0,0.998889,122.6,5.13,10.0
1629291649.0,366975760.0,37.814716,-122.46867,10.220069,-0.954034,0.2997,60.0,25.0,9.0,0.382332,1629291649.0,367533950.0,37.816128,-122.479267,2.273708,-0.424456,0.905448,60.0,24.0,6.0,0.999345,122.60555555555555,5.130277777777778,10.0
1629291650.0,366975760.0,37.81473,-122.468727,10.211347,-0.954408,0.298504,60.0,25.0,9.0,0.380151,1629291650.0,367533950.0,37.816137,-122.479273,2.234584,-0.373319,0.927703,60.0,24.0,6.0,0.999682,122.61111111111111,5.130555555555556,10.0
1629291651.0,366975760.0,37.814744,-122.468784,10.202818,-0.954799,0.297252,60.0,25.0,9.0,0.377971,1629291651.0,367533950.0,37.816147,-122.479278,2.201691,-0.3189,0.947788,60.0,24.0,6.0,0.999901,122.61666666666666,5.130833333333333,10.0
1629291652.0,366975760.0,37.814758,-122.468841,10.194485,-0.955206,0.295942,60.0,25.0,9.0,0.375793,1629291652.0,367533950.0,37.816156,-122.479282,2.175523,-0.261461,0.965214,60.0,24.0,6.0,1.0,122.62222222222222,5.131111111111111,10.0
1629291653.0,366975760.0,37.814772,-122.468898,10.186349,-0.955629,0.294574,60.0,25.0,9.0,0.373616,1629291653.0,367533950.0,37.816166,-122.479285,2.156539,-0.201384,0.979512,60.0,24.0,6.0,0.999978,122.62777777777778,5.131388888888889,10.0
1629291654.0,366975760.0,37.814786,-122.468955,10.178413,-0.956067,0.293149,60.0,25.0,9.0,0.37144,1629291654.0,367533950.0,37.816176,-122.479288,2.145148,-0.139179,0.990267,60.0,24.0,6.0,0.999834,122.63333333333334,5.131666666666667,10.0
1629291655.0,366975760.0,37.8148,-122.469012,10.17068,-0.95652,0.291667,60.0,25.0,9.0,0.369266,1629291655.0,367533950.0,37.816186,-122.47929,2.14169,-0.075459,0.997149,60.0,24.0,6.0,0.999566,122.63888888888889,5.131944444444445,10.0
1629291656.0,366975760.0,37.814813,-122.469069,10.163152,-0.956988,0.290126,60.0,25.0,9.0,0.367092,1629291656.0,367533950.0,37.816196,-122.47929,2.146429,-0.010924,0.99994,60.0,24.0,6.0,0.999174,122.64444444444445,5.132222222222223,10.0
1629291657.0,366975760.0,37.814827,-122.469126,10.155833,-0.957471,0.288528,60.0,25.0,9.0,0.36492,1629291657.0,367533950.0,37.816206,-122.479291,2.159534,0.053682,0.998558,60.0,24.0,6.0,0.998657,122.65,5.1325,10.0
1629291658.0,366975760.0,37.81484,-122.469183,10.148725,-0.957969,0.286871,60.0,25.0,9.0,0.362749,1629291658.0,367533950.0,37.816216,-122.47929,2.181078,0.117611,0.99306,60.0,24.0,6.0,0.998013,122.65555555555557,5.132777777777778,10.0
1629291659.0,366975760.0,37.814854,-122.46924,10.141832,-0.958481,0.285157,60.0,25.0,9.0,0.360578,1629291659.0,367533950.0,37.816226,-122.479288,2.211039,0.180153,0.983639,60.0,24.0,6.0,0.997241,122.66111111111113,5.133055555555556,10.0
1629291660.0,366975760.0,37.814867,-122.469297,10.135157,-0.959007,0.283384,60.0,25.0,9.0,0.358409,1629291660.0,367533950.0,37.816236,-122.479286,2.249302,0.240672,0.970607,60.0,24.0,6.0,0.99634,122.66666666666669,5.133333333333334,10.0
1629291661.0,366975760.0,37.814881,-122.469354,10.128703,-0.959546,0.281553,60.0,25.0,9.0,0.35624,1629291661.0,367533950.0,37.816246,-122.479283,2.295674,0.298638,0.954366,60.0,24.0,6.0,0.99531,122.67222222222222,5.133611111111111,10.0
1629291662.0,366975760.0,37.814894,-122.469411,10.122473,-0.960098,0.279663,60.0,25.0,9.0,0.354072,1629291662.0,367533950.0,37.816256,-122.479279,2.349892,0.353643,0.93538,60.0,24.0,6.0,0.994148,122.67777777777778,5.1338888888888885,10.0
1629291663.0,366975760.0,37.814907,-122.469468,10.116471,-0.960664,0.277715,60.0,25.0,9.0,0.351905,1629291663.0,367533950.0,37.816266,-122.479274,2.411641,0.405402,0.914138,60.0,24.0,6.0,0.992854,122.68333333333334,5.134166666666666,10.0
1629291664.0,366975760.0,37.81492,-122.469524,10.1107,-0.961241,0.275708,60.0,25.0,9.0,0.349738,1629291664.0,367533950.0,37.816276,-122.479268,2.480569,0.453751,0.891129,60.0,24.0,6.0,0.991427,122.68888888888888,5.134444444444444,10.0
1629291665.0,366975760.0,37.814933,-122.469581,10.105165,-0.961831,0.273642,60.0,25.0,9.0,0.347572,1629291665.0,367533950.0,37.816286,-122.479262,2.556303,0.49863,0.866815,60.0,24.0,6.0,0.989865,122.69444444444444,5.134722222222222,10.0
1629291666.0,366975760.0,37.814946,-122.469638,10.099869,-0.962433,0.271518,60.0,25.0,9.0,0.345406,1629291666.0,367533950.0,37.816297,-122.479254,2.638458,0.540071,0.84162,60.0,24.0,6.0,0.988168,122.7,5.135,10.0
1629291667.0,366975760.0,37.814958,-122.469695,10.094816,-0.963046,0.269335,60.0,25.0,9.0,0.343241,1629291667.0,367533950.0,37.816307,-122.479246,2.726651,0.578171,0.815915,60.0,24.0,6.0,0.986334,122.70555555555556,5.135277777777778,10.0
1629291668.0,366975760.0,37.814971,-122.469752,10.090009,-0.963671,0.267094,60.0,25.0,9.0,0.341076,1629291668.0,367533950.0,37.816317,-122.479237,2.820509,0.613082,0.790019,60.0,24.0,6.0,0.984363,122.71111111111112,5.135555555555555,10.0
1629291669.0,366975760.0,37.814983,-122.469809,10.085454,-0.964305,0.264793,60.0,25.0,9.0,0.338911,1629291669.0,367533950.0,37.816328,-122.479227,2.919675,0.644986,0.764195,60.0,24.0,6.0,0.982252,122.71666666666668,5.135833333333333,10.0
1629291670.0,366975760.0,37.814996,-122.469866,10.081154,-0.96495,0.262434,60.0,25.0,9.0,0.336747,1629291670.0,367533950.0,37.816338,-122.479216,3.023809,0.674086,0.738653,60.0,24.0,6.0,0.980002,122.72222222222224,5.136111111111111,10.0
1629291671.0,366975760.0,37.815008,-122.469923,10.077114,-0.965604,0.260016,60.0,25.0,9.0,0.334582,1629291671.0,367533950.0,37.816348,-122.479204,3.132596,0.700596,0.713559,60.0,24.0,6.0,0.977611,122.72777777777776,5.136388888888889,10.0
1629291672.0,366975760.0,37.81502,-122.46998,10.073303,-0.966266,0.257546,60.0,25.0,9.0,0.332418,1629291672.0,367533950.0,37.816359,-122.479191,3.245742,0.724725,0.689038,60.0,24.0,6.0,0.975077,122.73333333333332,5.136666666666667,10.0
1629291673.0,366975760.0,37.815032,-122.470037,10.069583,-0.966927,0.255054,60.0,25.0,9.0,0.330253,1629291673.0,367533950.0,37.816369,-122.479177,3.362977,0.746682,0.665182,60.0,24.0,6.0,0.9724,122.7388888888889,5.1369444444444445,10.0
1629291674.0,366975760.0,37.815044,-122.470094,10.065921,-0.967584,0.252548,60.0,25.0,9.0,0.328089,1629291674.0,367533950.0,37.816379,-122.479162,3.484054,0.766661,0.642052,60.0,24.0,6.0,0.969579,122.74444444444444,5.137222222222222,10.0
1629291675.0,366975760.0,37.815056,-122.470151,10.062317,-0.968239,0.250027,60.0,25.0,9.0,0.325924,1629291675.0,367533950.0,37.81639,-122.479147,3.608748,0.784848,0.619688,60.0,24.0,6.0,0.966613,122.75,5.1375,10.0
1629291676.0,366975760.0,37.815067,-122.470208,10.058773,-0.96889,0.247491,60.0,25.0,9.0,0.323759,1629291676.0,367533950.0,37.8164,-122.47913,3.736382,0.801331,0.598222,60.0,24.0,6.0,0.9635,122.75555555555556,5.137777777777778,10.0
1629291677.0,366975760.0,37.815079,-122.470265,10.055289,-0.969538,0.24494,60.0,25.0,9.0,0.321595,1629291677.0,367533950.0,37.81641,-122.479112,3.864789,0.815985,0.578073,60.0,24.0,6.0,0.96024,122.7611111111111,5.138055555555556,10.0
1629291678.0,366975760.0,37.81509,-122.470322,10.051867,-0.970183,0.242375,60.0,25.0,9.0,0.31943,1629291678.0,367533950.0,37.816421,-122.479094,3.99313,0.828981,0.559277,60.0,24.0,6.0,0.956835,122.76666666666668,5.138333333333334,10.0
1629291679.0,366975760.0,37.815101,-122.470379,10.048507,-0.970824,0.239795,60.0,25.0,9.0,0.317265,1629291679.0,367533950.0,37.816431,-122.479075,4.12108,0.84054,0.541749,60.0,24.0,6.0,0.953287,122.77222222222224,5.138611111111112,10.0
1629291680.0,366975760.0,37.815113,-122.470437,10.04521,-0.971461,0.2372,60.0,25.0,9.0,0.3151,1629291680.0,367533950.0,37.816441,-122.479054,4.248358,0.850853,0.525404,60.0,24.0,6.0,0.9496,122.77777777777776,5.138888888888889,10.0
1629291681.0,366975760.0,37.815124,-122.470494,10.041979,-0.972094,0.234591,60.0,25.0,9.0,0.312934,1629291681.0,367533950.0,37.816452,-122.479033,4.374721,0.86008,0.510159,60.0,24.0,6.0,0.945775,122.78333333333332,5.139166666666666,10.0
1629291682.0,366975760.0,37.815135,-122.470551,10.038812,-0.972724,0.231967,60.0,25.0,9.0,0.310769,1629291682.0,367533950.0,37.816462,-122.479011,4.499959,0.868358,0.495937,60.0,24.0,6.0,0.941815,122.78888888888888,5.139444444444444,10.0
1629291683.0,366975760.0,37.815145,-122.470608,10.035712,-0.973349,0.229328,60.0,25.0,9.0,0.308604,1629291683.0,367533950.0,37.816472,-122.478988,4.623889,0.875807,0.482662,60.0,24.0,6.0,0.937722,122.79444444444444,5.139722222222222,10.0
1629291684.0,366975760.0,37.815156,-122.470665,10.03268,-0.97397,0.226675,60.0,25.0,9.0,0.306438,1629291684.0,367533950.0,37.816483,-122.478965,4.746353,0.882525,0.470266,60.0,24.0,6.0,0.9335,122.8,5.14,10.0
1629291685.0,366975760.0,37.815166,-122.470722,10.029716,-0.974587,0.224007,60.0,25.0,9.0,0.304272,1629291685.0,367533950.0,37.816493,-122.47894,4.867212,0.8886,0.458683,60.0,24.0,6.0,0.929151,122.80555555555556,5.1402777777777775,10.0
1629291686.0,366975760.0,37.815177,-122.47078,10.026822,-0.9752,0.221325,60.0,25.0,9.0,0.302106,1629291686.0,367533950.0,37.816503,-122.478915,4.986343,0.894107,0.447854,60.0,24.0,6.0,0.924677,122.81111111111112,5.140555555555555,10.0
1629291687.0,366975760.0,37.815187,-122.470837,10.023999,-0.975808,0.218628,60.0,25.0,9.0,0.29994,1629291687.0,367533950.0,37.816514,-122.478889,5.103639,0.899109,0.437725,60.0,24.0,6.0,0.920081,122.81666666666666,5.140833333333333,10.0
1629291688.0,366975760.0,37.815197,-122.470894,10.021247,-0.976412,0.215916,60.0,25.0,9.0,0.297774,1629291688.0,367533950.0,37.816524,-122.478862,5.219005,0.903662,0.428246,60.0,24.0,6.0,0.915365,122.82222222222222,5.141111111111111,10.0
1629291689.0,366975760.0,37.815207,-122.470952,10.018568,-0.977011,0.21319,60.0,25.0,9.0,0.295607,1629291689.0,367533950.0,37.816534,-122.478834,5.332359,0.907815,0.41937,60.0,24.0,6.0,0.910532,122.82777777777778,5.141388888888889,10.0
1629291690.0,366975760.0,37.815217,-122.471009,10.015962,-0.977605,0.21045,60.0,25.0,9.0,0.293441,1629291690.0,367533950.0,37.816545,-122.478806,5.443626,0.91161,0.411056,60.0,24.0,6.0,0.905586,122.83333333333331,5.141666666666667,10.0
1629291691.0,366975760.0,37.815227,-122.471066,10.013431,-0.978194,0.207694,60.0,25.0,9.0,0.291274,1629291691.0,367533950.0,37.816555,-122.478777,5.55274,0.915083,0.403266,60.0,24.0,6.0,0.900527,122.83888888888887,5.141944444444444,10.0
1629291692.0,366975760.0,37.815237,-122.471124,10.010977,-0.978778,0.204925,60.0,25.0,9.0,0.289107,1629291692.0,367533950.0,37.816565,-122.478747,5.659642,0.918266,0.395964,60.0,24.0,6.0,0.895359,122.84444444444443,5.142222222222222,10.0
1629291693.0,366975760.0,37.815246,-122.471181,10.008599,-0.979356,0.202141,60.0,25.0,9.0,0.286939,1629291693.0,367533950.0,37.816576,-122.478716,5.76428,0.921188,0.389118,60.0,24.0,6.0,0.890085,122.85,5.1425,10.0
1629291694.0,366975760.0,37.815255,-122.471238,10.006298,-0.97993,0.199343,60.0,25.0,9.0,0.284772,1629291694.0,367533950.0,37.816586,-122.478685,5.866608,0.923873,0.382699,60.0,24.0,6.0,0.884707,122.85555555555555,5.142777777777778,10.0
1629291695.0,366975760.0,37.815265,-122.471296,10.004077,-0.980498,0.19653,60.0,25.0,9.0,0.282604,1629291695.0,367533950.0,37.816596,-122.478654,5.966583,0.926343,0.376681,60.0,24.0,6.0,0.879228,122.86111111111111,5.143055555555556,10.0
1629291696.0,366975760.0,37.815274,-122.471353,10.001936,-0.98106,0.193703,60.0,25.0,9.0,0.280436,1629291696.0,367533950.0,37.816607,-122.478621,6.064167,0.928618,0.371038,60.0,24.0,6.0,0.87365,122.86666666666666,5.1433333333333335,10.0
1629291697.0,366975760.0,37.815283,-122.471411,9.999876,-0.981617,0.190862,60.0,25.0,9.0,0.278267,1629291697.0,367533950.0,37.816617,-122.478588,6.159327,0.930714,0.365749,60.0,24.0,6.0,0.867976,122.87222222222222,5.143611111111111,10.0
1629291698.0,366975760.0,37.815292,-122.471468,9.997898,-0.982168,0.188006,60.0,25.0,9.0,0.276099,1629291698.0,367533950.0,37.816628,-122.478555,6.252031,0.932646,0.360792,60.0,24.0,6.0,0.862208,122.87777777777778,5.143888888888889,10.0
1629291699.0,366975760.0,37.8153,-122.471526,9.996004,-0.982713,0.185137,60.0,25.0,9.0,0.27393,1629291699.0,367533950.0,37.816638,-122.478521,6.342253,0.934429,0.35615,60.0,24.0,6.0,0.85635,122.88333333333334,5.144166666666667,10.0
1629291700.0,366975760.0,37.815309,-122.471583,9.994193,-0.983252,0.182253,60.0,25.0,9.0,0.271761,1629291700.0,367533950.0,37.816649,-122.478486,6.429967,0.936074,0.351804,60.0,24.0,6.0,0.850404,122.88888888888889,5.144444444444445,10.0
1629291701.0,366975760.0,37.815317,-122.471641,9.992468,-0.983784,0.179355,60.0,25.0,9.0,0.269591,1629291701.0,367533950.0,37.816659,-122.478451,6.515151,0.937591,0.347739,60.0,24.0,6.0,0.844372,122.89444444444445,5.144722222222223,10.0
1629291702.0,366975760.0,37.815325,-122.471698,9.99083,-0.984311,0.176443,60.0,25.0,9.0,0.267421,1629291702.0,367533950.0,37.81667,-122.478415,6.597785,0.938991,0.343941,60.0,24.0,6.0,0.838257,122.9,5.145,10.0
1629291703.0,366975760.0,37.815334,-122.471756,9.989279,-0.984831,0.173517,60.0,25.0,9.0,0.265251,1629291703.0,367533950.0,37.81668,-122.478379,6.677849,0.940282,0.340396,60.0,24.0,6.0,0.832062,122.90555555555557,5.145277777777777,10.0
1629291704.0,366975760.0,37.815342,-122.471814,9.987816,-0.985344,0.170577,60.0,25.0,9.0,0.263081,1629291704.0,367533950.0,37.816691,-122.478342,6.755328,0.941472,0.337091,60.0,24.0,6.0,0.82579,122.91111111111113,5.145555555555555,10.0
1629291705.0,366975760.0,37.81535,-122.471871,9.986444,-0.985851,0.167624,60.0,25.0,9.0,0.26091,1629291705.0,367533950.0,37.816701,-122.478304,6.830206,0.942567,0.334017,60.0,24.0,6.0,0.819442,122.91666666666669,5.145833333333333,10.0
1629291706.0,366975760.0,37.815357,-122.471929,9.985162,-0.986351,0.164656,60.0,25.0,9.0,0.258739,1629291706.0,367533950.0,37.816712,-122.478267,6.902469,0.943574,0.331162,60.0,24.0,6.0,0.813022,122.92222222222222,5.146111111111111,10.0
1629291707.0,366975760.0,37.815365,-122.471987,9.983972,-0.986844,0.161675,60.0,25.0,9.0,0.256568,1629291707.0,367533950.0,37.816722,-122.478229,6.972105,0.944498,0.328517,60.0,24.0,6.0,0.806533,122.92777777777778,5.146388888888889,10.0
1629291708.0,366975760.0,37.815372,-122.472044,9.982875,-0.98733,0.15868,60.0,25.0,9.0,0.254396,1629291708.0,367533950.0,37.816733,-122.47819,7.039102,0.945344,0.326074,60.0,24.0,6.0,0.799976,122.93333333333334,5.1466666666666665,10.0
1629291709.0,366975760.0,37.81538,-122.472102,9.981872,-0.987809,0.155671,60.0,25.0,9.0,0.252224,1629291709.0,367533950.0,37.816743,-122.478151,7.103451,0.946118,0.323823,60.0,24.0,6.0,0.793355,122.93888888888888,5.146944444444444,10.0
1629291710.0,366975760.0,37.815387,-122.47216,9.980964,-0.988281,0.152648,60.0,25.0,9.0,0.250051,1629291710.0,367533950.0,37.816754,-122.478112,7.165143,0.946822,0.321759,60.0,24.0,6.0,0.786673,122.94444444444444,5.147222222222222,10.0
1629291711.0,366975760.0,37.815394,-122.472217,9.980153,-0.988745,0.149613,60.0,25.0,9.0,0.247878,1629291711.0,367533950.0,37.816765,-122.478072,7.224169,0.94746,0.319875,60.0,24.0,6.0,0.779931,122.95,5.1475,10.0
1629291712.0,366975760.0,37.815401,-122.472275,9.979439,-0.989201,0.146563,60.0,25.0,9.0,0.245705,1629291712.0,367533950.0,37.816775,-122.478032,7.280522,0.948036,0.318163,60.0,24.0,6.0,0.773132,122.95555555555556,5.147777777777778,10.0
1629291713.0,366975760.0,37.815408,-122.472333,9.978823,-0.98965,0.143501,60.0,25.0,9.0,0.243531,1629291713.0,367533950.0,37.816786,-122.477992,7.334195,0.948553,0.316619,60.0,24.0,6.0,0.76628,122.96111111111112,5.148055555555556,10.0
1629291714.0,366975760.0,37.815414,-122.472391,9.978307,-0.990091,0.140425,60.0,25.0,9.0,0.241357,1629291714.0,367533950.0,37.816797,-122.477951,7.385182,0.949013,0.315238,60.0,24.0,6.0,0.759377,122.96666666666668,5.148333333333333,10.0
1629291715.0,366975760.0,37.815421,-122.472449,9.977892,-0.990525,0.137335,60.0,25.0,9.0,0.239182,1629291715.0,367533950.0,37.816808,-122.47791,7.433479,0.949418,0.314015,60.0,24.0,6.0,0.752425,122.97222222222224,5.148611111111111,10.0
1629291716.0,366975760.0,37.815427,-122.472507,9.977578,-0.99095,0.134233,60.0,25.0,9.0,0.237007,1629291716.0,367533950.0,37.816818,-122.477868,7.479081,0.949771,0.312946,60.0,24.0,6.0,0.745427,122.97777777777776,5.148888888888889,10.0
1629291717.0,366975760.0,37.815433,-122.472565,9.977368,-0.991367,0.131117,60.0,25.0,9.0,0.234832,1629291717.0,367533950.0,37.816829,-122.477827,7.521984,0.950073,0.312027,60.0,24.0,6.0,0.738386,122.98333333333332,5.149166666666667,10.0
1629291718.0,366975760.0,37.815439,-122.472622,9.977261,-0.991776,0.127989,60.0,25.0,9.0,0.232656,1629291718.0,367533950.0,37.81684,-122.477785,7.562185,0.950327,0.311254,60.0,24.0,6.0,0.731305,122.9888888888889,5.149444444444445,10.0
1629291719.0,366975760.0,37.815445,-122.47268,9.977259,-0.992176,0.124847,60.0,25.0,9.0,0.230479,1629291719.0,367533950.0,37.816851,-122.477743,7.59968,0.950533,0.310625,60.0,24.0,6.0,0.724185,122.99444444444444,5.149722222222223,10.0
1629291720.0,366975760.0,37.815451,-122.472738,9.977364,-0.992568,0.121693,60.0,25.0,9.0,0.228303,1629291720.0,367533950.0,37.816862,-122.477701,7.634469,0.950692,0.310137,60.0,24.0,6.0,0.71703,123.0,5.15,10.0
1629291721.0,366975760.0,37.815457,-122.472796,9.977576,-0.992951,0.118526,60.0,25.0,9.0,0.226125,1629291721.0,367533950.0,37.816873,-122.477658,7.666548,0.950806,0.309787,60.0,24.0,6.0,0.709842,123.00555555555556,5.150277777777778,10.0
1629291722.0,366975760.0,37.815462,-122.472854,9.977896,-0.993325,0.115346,60.0,25.0,9.0,0.223948,1629291722.0,367533950.0,37.816884,-122.477615,7.695917,0.950875,0.309574,60.0,24.0,6.0,0.702625,123.0111111111111,5.150555555555556,10.0
1629291723.0,366975760.0,37.815467,-122.472912,9.978326,-0.993691,0.112154,60.0,25.0,9.0,0.22177,1629291723.0,367533950.0,37.816895,-122.477572,7.722576,0.950901,0.309495,60.0,24.0,6.0,0.695379,123.01666666666668,5.150833333333333,10.0
1629291724.0,366975760.0,37.815473,-122.472971,9.978867,-0.994047,0.10895,60.0,25.0,9.0,0.219591,1629291724.0,367533950.0,37.816906,-122.477529,7.746523,0.950883,0.30955,60.0,24.0,6.0,0.688109,123.02222222222224,5.151111111111111,10.0
1629291725.0,366975760.0,37.815478,-122.473029,9.979519,-0.994395,0.105732,60.0,25.0,9.0,0.217412,1629291725.0,367533950.0,37.816917,-122.477486,7.76776,0.950822,0.309737,60.0,24.0,6.0,0.680817,123.02777777777776,5.151388888888889,10.0
1629291726.0,366975760.0,37.815482,-122.473087,9.980284,-0.994733,0.102503,60.0,25.0,9.0,0.215232,1629291726.0,367533950.0,37.816928,-122.477443,7.786286,0.950719,0.310055,60.0,24.0,6.0,0.673505,123.03333333333332,5.151666666666666,10.0
1629291727.0,366975760.0,37.815487,-122.473145,9.981163,-0.995061,0.099262,60.0,25.0,9.0,0.213052,1629291727.0,367533950.0,37.816939,-122.4774,7.802103,0.950572,0.310503,60.0,24.0,6.0,0.666177,123.03888888888888,5.151944444444444,10.0
1629291728.0,366975760.0,37.815492,-122.473203,9.982158,-0.995381,0.096008,60.0,25.0,9.0,0.210871,1629291728.0,367533950.0,37.816951,-122.477356,7.815212,0.950383,0.311082,60.0,24.0,6.0,0.658833,123.04444444444444,5.152222222222222,10.0
1629291729.0,366975760.0,37.815496,-122.473261,9.983268,-0.99569,0.092743,60.0,25.0,9.0,0.20869,1629291729.0,367533950.0,37.816962,-122.477313,7.825616,0.950151,0.311791,60.0,24.0,6.0,0.651479,123.05,5.1525,10.0
1629291730.0,366975760.0,37.815501,-122.473319,9.984496,-0.99599,0.089465,60.0,25.0,9.0,0.206509,1629291730.0,367533950.0,37.816973,-122.477269,7.833316,0.949875,0.312629,60.0,24.0,6.0,0.644115,123.05555555555556,5.152777777777778,10.0
1629291731.0,366975760.0,37.815505,-122.473378,9.985842,-0.99628,0.086176,60.0,25.0,9.0,0.204327,1629291731.0,367533950.0,37.816984,-122.477226,7.838316,0.949556,0.313598,60.0,24.0,6.0,0.636745,123.06111111111112,5.153055555555556,10.0
1629291732.0,366975760.0,37.815509,-122.473436,9.987308,-0.99656,0.082875,60.0,25.0,9.0,0.202144,1629291732.0,367533950.0,37.816996,-122.477182,7.840619,0.949192,0.314699,60.0,24.0,6.0,0.62937,123.06666666666666,5.153333333333333,10.0
1629291733.0,366975760.0,37.815512,-122.473494,9.988895,-0.99683,0.079563,60.0,25.0,9.0,0.199961,1629291733.0,367533950.0,37.817007,-122.477138,7.840228,0.948782,0.315931,60.0,24.0,6.0,0.621995,123.07222222222222,5.153611111111111,10.0
1629291734.0,366975760.0,37.815516,-122.473553,9.990603,-0.99709,0.076239,60.0,25.0,9.0,0.197777,1629291734.0,367533950.0,37.817019,-122.477095,7.837148,0.948327,0.317296,60.0,24.0,6.0,0.614621,123.07777777777778,5.153888888888889,10.0
1629291735.0,366975760.0,37.81552,-122.473611,9.992434,-0.997339,0.072904,60.0,25.0,9.0,0.195593,1629291735.0,367533950.0,37.81703,-122.477051,7.831385,0.947823,0.318796,60.0,24.0,6.0,0.607251,123.08333333333331,5.154166666666667,10.0
1629291736.0,366975760.0,37.815523,-122.473669,9.994389,-0.997578,0.069558,60.0,25.0,9.0,0.193408,1629291736.0,367533950.0,37.817042,-122.477008,7.822942,0.947272,0.320432,60.0,24.0,6.0,0.599887,123.08888888888887,5.154444444444445,10.0
1629291737.0,366975760.0,37.815526,-122.473728,9.996469,-0.997806,0.066201,60.0,25.0,9.0,0.191223,1629291737.0,367533950.0,37.817053,-122.476965,7.811826,0.94667,0.322205,60.0,24.0,6.0,0.592533,123.09444444444443,5.154722222222222,10.0
1629291738.0,366975760.0,37.815529,-122.473786,9.998675,-0.998024,0.062833,60.0,25.0,9.0,0.189038,1629291738.0,367533950.0,37.817065,-122.476921,7.798043,0.946016,0.324119,60.0,24.0,6.0,0.58519,123.1,5.155,10.0
1629291739.0,366975760.0,37.815532,-122.473845,10.001009,-0.998231,0.059454,60.0,25.0,9.0,0.186851,1629291739.0,367533950.0,37.817077,-122.476878,7.781601,0.945309,0.326176,60.0,24.0,6.0,0.577862,123.10555555555555,5.155277777777778,10.0
1629291740.0,366975760.0,37.815535,-122.473903,10.003471,-0.998427,0.056065,60.0,25.0,9.0,0.184665,1629291740.0,367533950.0,37.817088,-122.476835,7.762506,0.944547,0.328377,60.0,24.0,6.0,0.57055,123.11111111111111,5.155555555555556,10.0
1629291741.0,366975760.0,37.815538,-122.473961,10.006062,-0.998612,0.052665,60.0,25.0,9.0,0.182478,1629291741.0,367533950.0,37.8171,-122.476792,7.740768,0.943726,0.330727,60.0,24.0,6.0,0.563258,123.11666666666666,5.155833333333334,10.0
1629291742.0,366975760.0,37.81554,-122.47402,10.008699,-0.998785,0.049282,60.0,25.0,9.0,0.18029,1629291742.0,367533950.0,37.817112,-122.476749,7.716394,0.942846,0.333229,60.0,24.0,6.0,0.555989,123.12222222222222,5.156111111111112,10.0
1629291743.0,366975760.0,37.815542,-122.474079,10.011036,-0.99894,0.046026,60.0,25.0,9.0,0.178102,1629291743.0,367533950.0,37.817124,-122.476707,7.689395,0.941903,0.335885,60.0,24.0,6.0,0.548743,123.12777777777778,5.1563888888888885,10.0
1629291744.0,366975760.0,37.815544,-122.474137,10.012973,-0.999078,0.042925,60.0,25.0,9.0,0.175913,1629291744.0,367533950.0,37.817136,-122.476664,7.659781,0.940894,0.3387,60.0,24.0,6.0,0.541525,123.13333333333334,5.156666666666666,10.0
1629291745.0,366975760.0,37.815546,-122.474196,10.014497,-0.999201,0.039978,60.0,25.0,9.0,0.173725,1629291745.0,367533950.0,37.817148,-122.476622,7.627563,0.939817,0.341679,60.0,24.0,6.0,0.534337,123.13888888888889,5.156944444444444,10.0
1629291746.0,366975760.0,37.815548,-122.474254,10.015593,-0.999308,0.037184,60.0,25.0,9.0,0.171536,1629291746.0,367533950.0,37.81716,-122.47658,7.593292,0.93868,0.34479,60.0,24.0,6.0,0.527181,123.14444444444445,5.157222222222222,10.0
1629291747.0,366975760.0,37.81555,-122.474313,10.016248,-0.999403,0.034543,60.0,25.0,9.0,0.169347,1629291747.0,367533950.0,37.817172,-122.476538,7.559126,0.937534,0.347893,60.0,24.0,6.0,0.52006,123.15,5.1575,10.0
1629291748.0,366975760.0,37.815552,-122.474372,10.016452,-0.999486,0.032055,60.0,25.0,9.0,0.167158,1629291748.0,367533950.0,37.817184,-122.476497,7.5256,0.936393,0.350952,60.0,24.0,6.0,0.512972,123.15555555555557,5.157777777777778,10.0
1629291749.0,366975760.0,37.815553,-122.47443,10.016191,-0.999558,0.029719,60.0,25.0,9.0,0.164969,1629291749.0,367533950.0,37.817196,-122.476455,7.49271,0.935258,0.353967,60.0,24.0,6.0,0.505919,123.16111111111113,5.158055555555555,10.0
1629291750.0,366975760.0,37.815554,-122.474489,10.015456,-0.999621,0.027536,60.0,25.0,9.0,0.162781,1629291750.0,367533950.0,37.817209,-122.476414,7.460451,0.934129,0.356934,60.0,24.0,6.0,0.498898,123.16666666666669,5.158333333333333,10.0
1629291751.0,366975760.0,37.815556,-122.474547,10.014236,-0.999675,0.025505,60.0,25.0,9.0,0.160593,1629291751.0,367533950.0,37.817221,-122.476374,7.42882,0.933008,0.359855,60.0,24.0,6.0,0.49191,123.17222222222222,5.158611111111111,10.0
1629291752.0,366975760.0,37.815557,-122.474606,10.012522,-0.999721,0.023626,60.0,25.0,9.0,0.158405,1629291752.0,367533950.0,37.817233,-122.476333,7.397812,0.931896,0.362726,60.0,24.0,6.0,0.484954,123.17777777777778,5.158888888888889,10.0
1629291753.0,366975760.0,37.815558,-122.474665,10.010305,-0.99976,0.021898,60.0,25.0,9.0,0.156219,1629291753.0,367533950.0,37.817246,-122.476293,7.367422,0.930793,0.365548,60.0,24.0,6.0,0.47803,123.18333333333334,5.159166666666667,10.0
1629291754.0,366975760.0,37.815559,-122.474723,10.007579,-0.999794,0.020321,60.0,25.0,9.0,0.154033,1629291754.0,367533950.0,37.817258,-122.476252,7.337648,0.9297,0.368319,60.0,24.0,6.0,0.471136,123.18888888888888,5.1594444444444445,10.0
1629291755.0,366975760.0,37.81556,-122.474782,10.004334,-0.999821,0.018896,60.0,25.0,9.0,0.151848,1629291755.0,367533950.0,37.817271,-122.476213,7.308483,0.928618,0.371038,60.0,24.0,6.0,0.464272,123.19444444444444,5.159722222222222,10.0
1629291756.0,366975760.0,37.815561,-122.47484,10.000565,-0.999845,0.017622,60.0,25.0,9.0,0.149664,1629291756.0,367533950.0,37.817283,-122.476173,7.279925,0.927548,0.373703,60.0,24.0,6.0,0.457438,123.2,5.16,10.0
1629291757.0,366975760.0,37.815562,-122.474899,9.996267,-0.999864,0.0165,60.0,25.0,9.0,0.147481,1629291757.0,367533950.0,37.817296,-122.476133,7.251969,0.926492,0.376315,60.0,24.0,6.0,0.450632,123.20555555555556,5.160277777777778,10.0
1629291758.0,366975760.0,37.815562,-122.474958,9.991433,-0.999879,0.015528,60.0,25.0,9.0,0.145299,1629291758.0,367533950.0,37.817309,-122.476094,7.22461,0.925449,0.378871,60.0,24.0,6.0,0.443855,123.21111111111112,5.160555555555556,10.0
1629291759.0,366975760.0,37.815563,-122.475016,9.98606,-0.999892,0.014708,60.0,25.0,9.0,0.143119,1629291759.0,367533950.0,37.817321,-122.476055,7.197846,0.924422,0.381371,60.0,24.0,6.0,0.437106,123.21666666666668,5.160833333333334,10.0
1629291760.0,366975760.0,37.815564,-122.475075,9.980144,-0.999901,0.01404,60.0,25.0,9.0,0.14094,1629291760.0,367533950.0,37.817334,-122.476016,7.171672,0.92341,0.383814,60.0,24.0,6.0,0.430384,123.22222222222224,5.161111111111111,10.0
1629291761.0,366975760.0,37.815564,-122.475133,9.973682,-0.999909,0.013523,60.0,25.0,9.0,0.138763,1629291761.0,367533950.0,37.817347,-122.475977,7.146083,0.922416,0.386198,60.0,24.0,6.0,0.423689,123.22777777777776,5.161388888888889,10.0
1629291762.0,366975760.0,37.815565,-122.475191,9.966671,-0.999913,0.013157,60.0,25.0,9.0,0.136587,1629291762.0,367533950.0,37.817359,-122.475938,7.121077,0.921439,0.388523,60.0,24.0,6.0,0.417019,123.23333333333332,5.161666666666667,10.0
1629291763.0,366975760.0,37.815566,-122.47525,9.959109,-0.999916,0.012944,60.0,25.0,9.0,0.134414,1629291763.0,367533950.0,37.817372,-122.4759,7.096649,0.920481,0.390788,60.0,24.0,6.0,0.410375,123.2388888888889,5.161944444444444,10.0
1629291764.0,366975760.0,37.815566,-122.475308,9.950997,-0.999917,0.012884,60.0,25.0,9.0,0.132242,1629291764.0,367533950.0,37.817385,-122.475862,7.072795,0.919542,0.392991,60.0,24.0,6.0,0.403756,123.24444444444444,5.162222222222222,10.0
1629291765.0,366975760.0,37.815567,-122.475366,9.942333,-0.999916,0.012976,60.0,25.0,9.0,0.130072,1629291765.0,367533950.0,37.817398,-122.475824,7.049512,0.918624,0.395132,60.0,24.0,6.0,0.397162,123.25,5.1625,10.0
1629291766.0,366975760.0,37.815567,-122.475425,9.933118,-0.999913,0.013221,60.0,25.0,9.0,0.127905,1629291766.0,367533950.0,37.817411,-122.475786,7.026797,0.917728,0.39721,60.0,24.0,6.0,0.390591,123.25555555555556,5.1627777777777775,10.0
1629291767.0,366975760.0,37.815568,-122.475483,9.923353,-0.999907,0.01362,60.0,25.0,9.0,0.12574,1629291767.0,367533950.0,37.817424,-122.475748,7.004644,0.916854,0.399223,60.0,24.0,6.0,0.384043,123.2611111111111,5.163055555555555,10.0
1629291768.0,366975760.0,37.815569,-122.475541,9.91304,-0.9999,0.014174,60.0,25.0,9.0,0.123577,1629291768.0,367533950.0,37.817437,-122.47571,6.983052,0.916003,0.401172,60.0,24.0,6.0,0.377518,123.26666666666668,5.163333333333333,10.0
1629291769.0,366975760.0,37.815569,-122.475599,9.902181,-0.999889,0.014881,60.0,25.0,9.0,0.121416,1629291769.0,367533950.0,37.81745,-122.475673,6.962017,0.915176,0.403054,60.0,24.0,6.0,0.371015,123.27222222222224,5.163611111111111,10.0
1629291770.0,366975760.0,37.81557,-122.475657,9.89078,-0.999876,0.015745,60.0,25.0,9.0,0.119258,1629291770.0,367533950.0,37.817463,-122.475636,6.941535,0.914374,0.40487,60.0,24.0,6.0,0.364533,123.27777777777776,5.163888888888889,10.0
1629291771.0,366975760.0,37.815571,-122.475715,9.87884,-0.999859,0.016764,60.0,25.0,9.0,0.117103,1629291771.0,367533950.0,37.817476,-122.475598,6.921603,0.913598,0.406618,60.0,24.0,6.0,0.358072,123.28333333333332,5.164166666666667,10.0
1629291772.0,366975760.0,37.815572,-122.475773,9.866367,-0.999839,0.01794,60.0,25.0,9.0,0.114951,1629291772.0,367533950.0,37.817489,-122.475561,6.902218,0.912849,0.408298,60.0,24.0,6.0,0.351631,123.28888888888888,5.164444444444444,10.0
1629291773.0,366975760.0,37.815572,-122.47583,9.853366,-0.999814,0.019274,60.0,25.0,9.0,0.112802,1629291773.0,367533950.0,37.817502,-122.475524,6.883377,0.912126,0.409909,60.0,24.0,6.0,0.345211,123.29444444444444,5.164722222222222,10.0
1629291774.0,366975760.0,37.815573,-122.475888,9.839842,-0.999784,0.020766,60.0,25.0,9.0,0.110655,1629291774.0,367533950.0,37.817515,-122.475488,6.865078,0.911433,0.411449,60.0,24.0,6.0,0.338809,123.3,5.165,10.0
1629291775.0,366975760.0,37.815574,-122.475946,9.825803,-0.999749,0.022417,60.0,25.0,9.0,0.108512,1629291775.0,367533950.0,37.817528,-122.475451,6.847316,0.910768,0.412919,60.0,24.0,6.0,0.332426,123.30555555555556,5.165277777777778,10.0
1629291776.0,366975760.0,37.815575,-122.476003,9.811257,-0.999706,0.024228,60.0,25.0,9.0,0.106372,1629291776.0,367533950.0,37.817541,-122.475414,6.830091,0.910132,0.414317,60.0,24.0,6.0,0.326061,123.31111111111112,5.165555555555556,10.0
1629291777.0,366975760.0,37.815576,-122.476061,9.796211,-0.999657,0.026201,60.0,25.0,9.0,0.104235,1629291777.0,367533950.0,37.817554,-122.475378,6.813398,0.909528,0.415643,60.0,24.0,6.0,0.319713,123.31666666666666,5.1658333333333335,10.0
1629291778.0,366975760.0,37.815577,-122.476118,9.780676,-0.999598,0.028336,60.0,25.0,9.0,0.102102,1629291778.0,367533950.0,37.817567,-122.475342,6.797236,0.908954,0.416897,60.0,24.0,6.0,0.313383,123.32222222222222,5.166111111111111,10.0
1629291779.0,366975760.0,37.815579,-122.476175,9.764661,-0.999531,0.030633,60.0,25.0,9.0,0.099972,1629291779.0,367533950.0,37.81758,-122.475306,6.781603,0.908412,0.418076,60.0,24.0,6.0,0.307069,123.32777777777778,5.166388888888889,10.0
1629291780.0,366975760.0,37.81558,-122.476232,9.748177,-0.999452,0.033096,60.0,25.0,9.0,0.097846,1629291780.0,367533950.0,37.817593,-122.47527,6.766495,0.907902,0.419181,60.0,24.0,6.0,0.30077,123.33333333333331,5.166666666666667,10.0
1629291781.0,366975760.0,37.815582,-122.47629,9.731235,-0.999362,0.035723,60.0,25.0,9.0,0.095724,1629291781.0,367533950.0,37.817606,-122.475234,6.751911,0.907426,0.420212,60.0,24.0,6.0,0.294487,123.33888888888887,5.166944444444445,10.0
1629291782.0,366975760.0,37.815583,-122.476346,9.713848,-0.999258,0.038518,60.0,25.0,9.0,0.093605,1629291782.0,367533950.0,37.81762,-122.475198,6.73785,0.906983,0.421167,60.0,24.0,6.0,0.288218,123.34444444444443,5.167222222222223,10.0
1629291783.0,366975760.0,37.815585,-122.476403,9.69603,-0.999139,0.04148,60.0,25.0,9.0,0.09149,1629291783.0,367533950.0,37.817633,-122.475162,6.724309,0.906574,0.422046,60.0,24.0,6.0,0.281964,123.35,5.1675,10.0
1629291784.0,366975760.0,37.815587,-122.47646,9.677794,-0.999004,0.044611,60.0,25.0,9.0,0.089379,1629291784.0,367533950.0,37.817646,-122.475126,6.711286,0.906201,0.422848,60.0,24.0,6.0,0.275723,123.35555555555555,5.167777777777777,10.0
1629291785.0,366975760.0,37.815589,-122.476517,9.659155,-0.998852,0.047913,60.0,25.0,9.0,0.087273,1629291785.0,367533950.0,37.817659,-122.475091,6.69878,0.905862,0.423573,60.0,24.0,6.0,0.269495,123.36111111111111,5.168055555555555,10.0
1629291786.0,366975760.0,37.815591,-122.476573,9.640129,-0.998679,0.051387,60.0,25.0,9.0,0.08517,1629291786.0,367533950.0,37.817672,-122.475055,6.68679,0.905559,0.424221,60.0,24.0,6.0,0.263279,123.36666666666666,5.168333333333333,10.0
1629291787.0,366975760.0,37.815593,-122.47663,9.620733,-0.998485,0.055033,60.0,25.0,9.0,0.083072,1629291787.0,367533950.0,37.817685,-122.47502,6.675314,0.905292,0.42479,60.0,24.0,6.0,0.257076,123.37222222222222,5.168611111111111,10.0
1629291788.0,366975760.0,37.815596,-122.476686,9.600985,-0.998267,0.058854,60.0,25.0,9.0,0.080978,1629291788.0,367533950.0,37.817698,-122.474984,6.664352,0.905061,0.425281,60.0,24.0,6.0,0.250883,123.37777777777778,5.168888888888889,10.0
1629291789.0,366975760.0,37.815598,-122.476742,9.580903,-0.998023,0.062851,60.0,25.0,9.0,0.078888,1629291789.0,367533950.0,37.817711,-122.474949,6.653901,0.904868,0.425693,60.0,24.0,6.0,0.244702,123.38333333333334,5.1691666666666665,10.0
1629291790.0,366975760.0,37.815601,-122.476798,9.560507,-0.997751,0.067026,60.0,25.0,9.0,0.076803,1629291790.0,367533950.0,37.817725,-122.474914,6.643963,0.904711,0.426025,60.0,24.0,6.0,0.23853,123.38888888888889,5.169444444444444,10.0
1629291791.0,366975760.0,37.815604,-122.476854,9.539817,-0.997449,0.071378,60.0,25.0,9.0,0.074722,1629291791.0,367533950.0,37.817738,-122.474878,6.634535,0.904593,0.426277,60.0,24.0,6.0,0.232369,123.39444444444445,5.169722222222222,10.0
1629291792.0,366975760.0,37.815607,-122.47691,9.518855,-0.997115,0.075911,60.0,25.0,9.0,0.072646,1629291792.0,367533950.0,37.817751,-122.474843,6.625618,0.904511,0.426449,60.0,24.0,6.0,0.226216,123.4,5.17,10.0
1629291793.0,366975760.0,37.815611,-122.476965,9.497643,-0.996744,0.080625,60.0,25.0,9.0,0.070574,1629291793.0,367533950.0,37.817764,-122.474808,6.61721,0.904468,0.426541,60.0,24.0,6.0,0.220072,123.40555555555557,5.170277777777778,10.0
1629291794.0,366975760.0,37.815614,-122.477021,9.476204,-0.996336,0.085522,60.0,25.0,9.0,0.068508,1629291794.0,367533950.0,37.817777,-122.474773,6.609313,0.904463,0.426552,60.0,24.0,6.0,0.213935,123.41111111111113,5.170555555555556,10.0
1629291795.0,366975760.0,37.815618,-122.477076,9.454563,-0.995887,0.090604,60.0,25.0,9.0,0.066446,1629291795.0,367533950.0,37.81779,-122.474738,6.601925,0.904496,0.426481,60.0,24.0,6.0,0.207806,123.41666666666669,5.170833333333333,10.0
1629291796.0,366975760.0,37.815622,-122.477131,9.432746,-0.995394,0.09587,60.0,25.0,9.0,0.064388,1629291796.0,367533950.0,37.817803,-122.474703,6.595047,0.904568,0.426329,60.0,24.0,6.0,0.201684,123.42222222222222,5.171111111111111,10.0
1629291797.0,366975760.0,37.815626,-122.477186,9.410779,-0.994854,0.101324,60.0,25.0,9.0,0.062336,1629291797.0,367533950.0,37.817816,-122.474668,6.58868,0.904678,0.426096,60.0,24.0,6.0,0.195568,123.42777777777778,5.171388888888889,10.0
1629291798.0,366975760.0,37.81563,-122.477241,9.38869,-0.994263,0.106965,60.0,25.0,9.0,0.060289,1629291798.0,367533950.0,37.817829,-122.474633,6.582823,0.904827,0.42578,60.0,24.0,6.0,0.189458,123.43333333333334,5.171666666666667,10.0
1629291799.0,366975760.0,37.815635,-122.477295,9.366507,-0.993618,0.112796,60.0,25.0,9.0,0.058247,1629291799.0,367533950.0,37.817842,-122.474598,6.577477,0.905014,0.425382,60.0,24.0,6.0,0.183353,123.43888888888888,5.171944444444445,10.0
1629291800.0,366975760.0,37.81564,-122.47735,9.344261,-0.992916,0.118817,60.0,25.0,9.0,0.056209,1629291800.0,367533950.0,37.817855,-122.474563,6.572644,0.905239,0.424903,60.0,24.0,6.0,0.177252,123.44444444444444,5.172222222222223,10.0
1629291801.0,366975760.0,37.815645,-122.477404,9.321982,-0.992153,0.12503,60.0,25.0,9.0,0.054177,1629291801.0,367533950.0,37.817868,-122.474529,6.568324,0.905503,0.42434,60.0,24.0,6.0,0.171156,123.45,5.1725,10.0
1629291802.0,366975760.0,37.81565,-122.477459,9.299702,-0.991325,0.131435,60.0,25.0,9.0,0.05215,1629291802.0,367533950.0,37.817881,-122.474494,6.564518,0.905805,0.423696,60.0,24.0,6.0,0.165063,123.45555555555556,5.172777777777778,10.0
1629291803.0,366975760.0,37.815656,-122.477512,9.277456,-0.990428,0.138033,60.0,25.0,9.0,0.050128,1629291803.0,367533950.0,37.817894,-122.474459,6.561227,0.906144,0.422968,60.0,24.0,6.0,0.158973,123.46111111111112,5.173055555555556,10.0
1629291804.0,366975760.0,37.815662,-122.477566,9.255276,-0.989457,0.144825,60.0,25.0,9.0,0.048112,1629291804.0,367533950.0,37.817906,-122.474424,6.558454,0.906522,0.422159,60.0,24.0,6.0,0.152885,123.46666666666668,5.173333333333334,10.0
1629291805.0,366975760.0,37.815668,-122.47762,9.2332,-0.988409,0.151813,60.0,25.0,9.0,0.0461,1629291805.0,367533950.0,37.817919,-122.474389,6.556198,0.906937,0.421266,60.0,24.0,6.0,0.146798,123.47222222222224,5.173611111111111,10.0
1629291806.0,366975760.0,37.815675,-122.477673,9.211263,-0.987279,0.158995,60.0,25.0,9.0,0.044094,1629291806.0,367533950.0,37.817932,-122.474355,6.554463,0.907389,0.420291,60.0,24.0,6.0,0.140713,123.47777777777776,5.1738888888888885,10.0
1629291807.0,366975760.0,37.815682,-122.477727,9.189503,-0.986063,0.166374,60.0,25.0,9.0,0.042093,1629291807.0,367533950.0,37.817945,-122.47432,6.553251,0.907878,0.419233,60.0,24.0,6.0,0.134629,123.48333333333332,5.174166666666666,10.0
1629291808.0,366975760.0,37.815689,-122.47778,9.167961,-0.984755,0.173948,60.0,25.0,9.0,0.040097,1629291808.0,367533950.0,37.817957,-122.474285,6.552562,0.908404,0.418093,60.0,24.0,6.0,0.128544,123.4888888888889,5.174444444444444,10.0
1629291809.0,366975760.0,37.815696,-122.477833,9.146676,-0.983351,0.181718,60.0,25.0,9.0,0.038107,1629291809.0,367533950.0,37.81797,-122.47425,6.5524,0.908966,0.416871,60.0,24.0,6.0,0.122459,123.49444444444444,5.174722222222222,10.0
1629291810.0,366975760.0,37.815704,-122.477885,9.12569,-0.981845,0.189684,60.0,25.0,9.0,0.036121,1629291810.0,367533950.0,37.817983,-122.474215,6.552766,0.909563,0.415566,60.0,24.0,6.0,0.116373,123.5,5.175,10.0
1629291811.0,366975760.0,37.815712,-122.477938,9.105046,-0.980233,0.197846,60.0,25.0,9.0,0.034142,1629291811.0,367533950.0,37.817995,-122.47418,6.553664,0.910195,0.41418,60.0,24.0,6.0,0.110285,123.50555555555556,5.175277777777778,10.0
1629291812.0,366975760.0,37.81572,-122.47799,9.084214,-0.978517,0.206166,60.0,25.0,9.0,0.032167,1629291812.0,367533950.0,37.818008,-122.474145,6.555096,0.910862,0.412711,60.0,24.0,6.0,0.104195,123.5111111111111,5.175555555555556,10.0
1629291813.0,366975760.0,37.815729,-122.478042,9.060925,-0.976722,0.214507,60.0,25.0,9.0,0.030198,1629291813.0,367533950.0,37.81802,-122.47411,6.557064,0.911563,0.411161,60.0,24.0,6.0,0.098102,123.51666666666668,5.175833333333333,10.0
1629291814.0,366975760.0,37.815738,-122.478094,9.034605,-0.974855,0.22284,60.0,25.0,9.0,0.028235,1629291814.0,367533950.0,37.818033,-122.474075,6.559573,0.912297,0.409529,60.0,24.0,6.0,0.092006,123.52222222222224,5.176111111111111,10.0
1629291815.0,366975760.0,37.815747,-122.478145,9.00525,-0.972913,0.231174,60.0,25.0,9.0,0.026278,1629291815.0,367533950.0,37.818045,-122.47404,6.562624,0.913064,0.407817,60.0,24.0,6.0,0.085905,123.52777777777776,5.176388888888889,10.0
1629291816.0,366975760.0,37.815757,-122.478197,8.97286,-0.970892,0.239516,60.0,25.0,9.0,0.024329,1629291816.0,367533950.0,37.818058,-122.474005,6.566221,0.913863,0.406023,60.0,24.0,6.0,0.0798,123.53333333333332,5.176666666666667,10.0
1629291817.0,366975760.0,37.815767,-122.478248,8.937434,-0.968792,0.247877,60.0,25.0,9.0,0.022389,1629291817.0,367533950.0,37.81807,-122.47397,6.570224,0.914688,0.404161,60.0,24.0,6.0,0.07369,123.53888888888888,5.176944444444445,10.0
1629291818.0,366975760.0,37.815777,-122.478299,8.898974,-0.966607,0.256264,60.0,25.0,9.0,0.020457,1629291818.0,367533950.0,37.818082,-122.473935,6.574054,0.915521,0.402271,60.0,24.0,6.0,0.067574,123.54444444444444,5.177222222222222,10.0
1629291819.0,366975760.0,37.815787,-122.478349,8.857483,-0.964335,0.264686,60.0,25.0,9.0,0.018534,1629291819.0,367533950.0,37.818095,-122.4739,6.57757,0.916355,0.400366,60.0,24.0,6.0,0.061452,123.55,5.1775,10.0
1629291820.0,366975760.0,37.815798,-122.478399,8.812966,-0.961971,0.273152,60.0,25.0,9.0,0.016623,1629291820.0,367533950.0,37.818107,-122.473864,6.580771,0.917193,0.398444,60.0,24.0,6.0,0.055326,123.55555555555556,5.177777777777778,10.0
1629291821.0,366975760.0,37.815809,-122.478449,8.765431,-0.959511,0.281672,60.0,25.0,9.0,0.014722,1629291821.0,367533950.0,37.818119,-122.473829,6.583658,0.918032,0.396505,60.0,24.0,6.0,0.049194,123.56111111111112,5.178055555555556,10.0
1629291822.0,366975760.0,37.815821,-122.478498,8.714884,-0.956949,0.290256,60.0,25.0,9.0,0.012833,1629291822.0,367533950.0,37.818131,-122.473794,6.586232,0.918874,0.39455,60.0,24.0,6.0,0.043058,123.56666666666666,5.178333333333334,10.0
1629291823.0,366975760.0,37.815832,-122.478547,8.661336,-0.954281,0.298912,60.0,25.0,9.0,0.010956,1629291823.0,367533950.0,37.818143,-122.473758,6.588494,0.919719,0.392577,60.0,24.0,6.0,0.036918,123.57222222222222,5.178611111111112,10.0
1629291824.0,366975760.0,37.815844,-122.478595,8.6048,-0.9515,0.30765,60.0,25.0,9.0,0.009093,1629291824.0,367533950.0,37.818155,-122.473723,6.590445,0.920566,0.390587,60.0,24.0,6.0,0.030773,123.57777777777778,5.178888888888888,10.0
1629291825.0,366975760.0,37.815857,-122.478643,8.545289,-0.948599,0.316482,60.0,25.0,9.0,0.007244,1629291825.0,367533950.0,37.818167,-122.473687,6.592084,0.921415,0.388579,60.0,24.0,6.0,0.024625,123.58333333333331,5.179166666666666,10.0
1629291826.0,366975760.0,37.815869,-122.47869,8.482819,-0.945571,0.325417,60.0,25.0,9.0,0.005409,1629291826.0,367533950.0,37.818179,-122.473651,6.593413,0.922267,0.386553,60.0,24.0,6.0,0.018473,123.58888888888887,5.179444444444444,10.0
1629291827.0,366975760.0,37.815882,-122.478737,8.417408,-0.942407,0.334467,60.0,25.0,9.0,0.00359,1629291827.0,367533950.0,37.81819,-122.473616,6.594433,0.923121,0.384509,60.0,24.0,6.0,0.012318,123.59444444444443,5.179722222222222,10.0
1629291828.0,366975760.0,37.815895,-122.478784,8.349078,-0.9391,0.343643,60.0,25.0,9.0,0.001786,1629291828.0,367533950.0,37.818202,-122.47358,6.595145,0.923978,0.382445,60.0,24.0,6.0,0.00616,123.6,5.18,10.0
1629291829.0,366975760.0,37.815908,-122.47883,8.349078,-0.9391,0.343643,60.0,25.0,9.0,0.0,1629291829.0,367533950.0,37.818214,-122.473545,6.595145,0.923978,0.382445,60.0,24.0,6.0,0.0,123.60555555555555,5.1802777777777775,10.0
