Timestamp,MMSI,Latitude,Longitude,Speed,Course-sin,Course-cos,Length,Width,Vesseltype,Distance,Timestamp,MMSI,Latitude,Longitude,Speed,Course-sin,Course-cos,Length,Width,Vesseltype,Distance,WindDirection,WindSpeed,Visibility
1634924346.0,367145450.0,37.821696,-122.446543,2.360756,0.895145,-0.445775,60.0,16.0,9.0,1.0,1634924346.0,368052630.0,37.8185,-122.470496,9.881845,0.761575,-0.648076,60.0,42.0,10.0,1.0,273.7833333333333,3.7683333333333335,10.0
1634924347.0,367145450.0,37.821691,-122.44653,2.356838,0.894608,-0.446851,60.0,16.0,9.0,0.998493,1634924347.0,368052630.0,37.818471,-122.470452,9.857627,0.763289,-0.646057,60.0,42.0,10.0,0.996894,273.8027777777778,3.768611111111112,10.0
1634924348.0,367145450.0,37.821686,-122.446518,2.352651,0.894082,-0.447902,60.0,16.0,9.0,0.996989,1634924348.0,368052630.0,37.818441,-122.470408,9.83408,0.764962,-0.644075,60.0,42.0,10.0,0.993794,273.8222222222222,3.7688888888888887,10.0
1634924349.0,367145450.0,37.821681,-122.446506,2.348195,0.893568,-0.448928,60.0,16.0,9.0,0.995488,1634924349.0,368052630.0,37.818412,-122.470364,9.811199,0.766594,-0.642132,60.0,42.0,10.0,0.990698,273.8416666666667,3.7691666666666666,10.0
1634924350.0,367145450.0,37.821677,-122.446493,2.343471,0.893064,-0.44993,60.0,16.0,9.0,0.993991,1634924350.0,368052630.0,37.818383,-122.47032,9.788981,0.768185,-0.640228,60.0,42.0,10.0,0.987608,273.8611111111111,3.769444444444445,10.0
1634924351.0,367145450.0,37.821672,-122.446481,2.338478,0.892571,-0.450907,60.0,16.0,9.0,0.992497,1634924351.0,368052630.0,37.818354,-122.470276,9.76742,0.769734,-0.638365,60.0,42.0,10.0,0.984521,273.8805555555556,3.769722222222222,10.0
1634924352.0,367145450.0,37.821667,-122.446469,2.333215,0.892089,-0.45186,60.0,16.0,9.0,0.991006,1634924352.0,368052630.0,37.818325,-122.470232,9.746512,0.771241,-0.636543,60.0,42.0,10.0,0.98144,273.9,3.77,10.0
1634924353.0,367145450.0,37.821662,-122.446457,2.327683,0.891618,-0.452789,60.0,16.0,9.0,0.989519,1634924353.0,368052630.0,37.818296,-122.470188,9.726253,0.772707,-0.634763,60.0,42.0,10.0,0.978362,273.9194444444444,3.770277777777778,10.0
1634924354.0,367145450.0,37.821657,-122.446445,2.321881,0.891158,-0.453694,60.0,16.0,9.0,0.988035,1634924354.0,368052630.0,37.818268,-122.470144,9.706638,0.77413,-0.633027,60.0,42.0,10.0,0.975289,273.93888888888887,3.770555555555556,10.0
1634924355.0,367145450.0,37.821652,-122.446432,2.315809,0.890709,-0.454575,60.0,16.0,9.0,0.986556,1634924355.0,368052630.0,37.818239,-122.4701,9.687663,0.77551,-0.631335,60.0,42.0,10.0,0.97222,273.9583333333333,3.7708333333333335,10.0
1634924356.0,367145450.0,37.821647,-122.44642,2.309468,0.89027,-0.455433,60.0,16.0,9.0,0.985081,1634924356.0,368052630.0,37.818211,-122.470056,9.669324,0.776849,-0.629688,60.0,42.0,10.0,0.969155,273.97777777777776,3.771111111111111,10.0
1634924357.0,367145450.0,37.821642,-122.446408,2.302855,0.889843,-0.456267,60.0,16.0,9.0,0.983611,1634924357.0,368052630.0,37.818183,-122.470012,9.651616,0.778144,-0.628086,60.0,42.0,10.0,0.966094,273.9972222222222,3.7713888888888887,10.0
1634924358.0,367145450.0,37.821638,-122.446396,2.295973,0.889426,-0.457079,60.0,16.0,9.0,0.982144,1634924358.0,368052630.0,37.818155,-122.469968,9.634537,0.779396,-0.626531,60.0,42.0,10.0,0.963037,274.01666666666665,3.7716666666666665,10.0
1634924359.0,367145450.0,37.821633,-122.446384,2.28882,0.889021,-0.457867,60.0,16.0,9.0,0.980683,1634924359.0,368052630.0,37.818127,-122.469924,9.618081,0.780606,-0.625024,60.0,42.0,10.0,0.959983,274.0361111111111,3.771944444444444,10.0
1634924360.0,367145450.0,37.821628,-122.446372,2.281396,0.888626,-0.458632,60.0,16.0,9.0,0.979226,1634924360.0,368052630.0,37.818099,-122.46988,9.602245,0.781772,-0.623565,60.0,42.0,10.0,0.956933,274.05555555555554,3.772222222222222,10.0
1634924361.0,367145450.0,37.821623,-122.446361,2.273701,0.888243,-0.459375,60.0,16.0,9.0,0.977775,1634924361.0,368052630.0,37.818071,-122.469836,9.587025,0.782894,-0.622155,60.0,42.0,10.0,0.953886,274.075,3.7725,10.0
1634924362.0,367145450.0,37.821618,-122.446349,2.265735,0.88787,-0.460094,60.0,16.0,9.0,0.976328,1634924362.0,368052630.0,37.818044,-122.469792,9.572419,0.783973,-0.620794,60.0,42.0,10.0,0.950843,274.09444444444443,3.772777777777778,10.0
1634924363.0,367145450.0,37.821613,-122.446337,2.257497,0.887509,-0.460791,60.0,16.0,9.0,0.974887,1634924363.0,368052630.0,37.818016,-122.469748,9.558422,0.785009,-0.619484,60.0,42.0,10.0,0.947802,274.1138888888889,3.773055555555556,10.0
1634924364.0,367145450.0,37.821609,-122.446325,2.248988,0.887158,-0.461465,60.0,16.0,9.0,0.973451,1634924364.0,368052630.0,37.817989,-122.469704,9.545031,0.786001,-0.618226,60.0,42.0,10.0,0.944765,274.1333333333333,3.773333333333333,10.0
1634924365.0,367145450.0,37.821604,-122.446313,2.240208,0.886819,-0.462116,60.0,16.0,9.0,0.972021,1634924365.0,368052630.0,37.817961,-122.46966,9.532243,0.786949,-0.617019,60.0,42.0,10.0,0.94173,274.15277777777777,3.7736111111111112,10.0
1634924366.0,367145450.0,37.821599,-122.446302,2.231156,0.886492,-0.462745,60.0,16.0,9.0,0.970597,1634924366.0,368052630.0,37.817934,-122.469616,9.520054,0.787852,-0.615864,60.0,42.0,10.0,0.938699,274.1722222222222,3.773888888888889,10.0
1634924367.0,367145450.0,37.821594,-122.44629,2.221832,0.886175,-0.463351,60.0,16.0,9.0,0.969179,1634924367.0,368052630.0,37.817907,-122.469572,9.508463,0.788712,-0.614763,60.0,42.0,10.0,0.93567,274.19166666666666,3.774166666666667,10.0
1634924368.0,367145450.0,37.821589,-122.446279,2.212236,0.88587,-0.463933,60.0,16.0,9.0,0.967767,1634924368.0,368052630.0,37.81788,-122.469528,9.497465,0.789528,-0.613715,60.0,42.0,10.0,0.932643,274.2111111111111,3.7744444444444447,10.0
1634924369.0,367145450.0,37.821585,-122.446267,2.202367,0.885576,-0.464494,60.0,16.0,9.0,0.966361,1634924369.0,368052630.0,37.817853,-122.469484,9.487059,0.790299,-0.612721,60.0,42.0,10.0,0.929619,274.23055555555555,3.774722222222222,10.0
1634924370.0,367145450.0,37.82158,-122.446256,2.192227,0.885294,-0.465031,60.0,16.0,9.0,0.964962,1634924370.0,368052630.0,37.817826,-122.46944,9.477242,0.791026,-0.611782,60.0,42.0,10.0,0.926597,274.25,3.775,10.0
1634924371.0,367145450.0,37.821575,-122.446244,2.181814,0.885024,-0.465545,60.0,16.0,9.0,0.963569,1634924371.0,368052630.0,37.817799,-122.469396,9.468011,0.791709,-0.610898,60.0,42.0,10.0,0.923577,274.26944444444445,3.7752777777777777,10.0
1634924372.0,367145450.0,37.821571,-122.446233,2.171129,0.884766,-0.466036,60.0,16.0,9.0,0.962183,1634924372.0,368052630.0,37.817773,-122.469352,9.459364,0.792347,-0.61007,60.0,42.0,10.0,0.920559,274.2888888888889,3.775555555555556,10.0
1634924373.0,367145450.0,37.821566,-122.446222,2.160171,0.884519,-0.466504,60.0,16.0,9.0,0.960804,1634924373.0,368052630.0,37.817746,-122.469309,9.451299,0.792941,-0.609298,60.0,42.0,10.0,0.917544,274.30833333333334,3.775833333333333,10.0
1634924374.0,367145450.0,37.821561,-122.446211,2.148941,0.884285,-0.466948,60.0,16.0,9.0,0.959433,1634924374.0,368052630.0,37.817719,-122.469265,9.443813,0.79349,-0.608583,60.0,42.0,10.0,0.91453,274.3277777777778,3.776111111111111,10.0
1634924375.0,367145450.0,37.821557,-122.4462,2.137437,0.884062,-0.467369,60.0,16.0,9.0,0.958068,1634924375.0,368052630.0,37.817693,-122.469221,9.436906,0.793995,-0.607925,60.0,42.0,10.0,0.911517,274.34722222222223,3.776388888888889,10.0
1634924376.0,367145450.0,37.821552,-122.446189,2.125661,0.883852,-0.467766,60.0,16.0,9.0,0.956711,1634924376.0,368052630.0,37.817666,-122.469177,9.430575,0.794455,-0.607324,60.0,42.0,10.0,0.908506,274.3666666666667,3.7766666666666655,10.0
1634924377.0,367145450.0,37.821547,-122.446178,2.113612,0.883655,-0.468139,60.0,16.0,9.0,0.955362,1634924377.0,368052630.0,37.81764,-122.469133,9.424819,0.79487,-0.60678,60.0,42.0,10.0,0.905497,274.3861111111111,3.776944444444444,10.0
1634924378.0,367145450.0,37.821543,-122.446167,2.10129,0.88347,-0.468487,60.0,16.0,9.0,0.95402,1634924378.0,368052630.0,37.817613,-122.469089,9.419637,0.79524,-0.606295,60.0,42.0,10.0,0.902489,274.4055555555556,3.777222222222222,10.0
1634924379.0,367145450.0,37.821538,-122.446156,2.088695,0.883298,-0.468811,60.0,16.0,9.0,0.952687,1634924379.0,368052630.0,37.817587,-122.469045,9.415026,0.795566,-0.605867,60.0,42.0,10.0,0.899482,274.425,3.7775,10.0
1634924380.0,367145450.0,37.821534,-122.446145,2.075827,0.88314,-0.46911,60.0,16.0,9.0,0.951361,1634924380.0,368052630.0,37.81756,-122.469001,9.410986,0.795847,-0.605498,60.0,42.0,10.0,0.896476,274.44444444444446,3.7777777777777777,10.0
1634924381.0,367145450.0,37.821529,-122.446134,2.062685,0.882994,-0.469384,60.0,16.0,9.0,0.950044,1634924381.0,368052630.0,37.817534,-122.468958,9.407516,0.796083,-0.605188,60.0,42.0,10.0,0.893472,274.4638888888889,3.778055555555556,10.0
1634924382.0,367145450.0,37.821525,-122.446123,2.04927,0.882862,-0.469633,60.0,16.0,9.0,0.948735,1634924382.0,368052630.0,37.817508,-122.468914,9.404616,0.796274,-0.604937,60.0,42.0,10.0,0.890468,274.4833333333333,3.778333333333333,10.0
1634924383.0,367145450.0,37.82152,-122.446113,2.035582,0.882743,-0.469855,60.0,16.0,9.0,0.947435,1634924383.0,368052630.0,37.817481,-122.46887,9.402283,0.79642,-0.604744,60.0,42.0,10.0,0.887465,274.5027777777778,3.778611111111111,10.0
1634924384.0,367145450.0,37.821516,-122.446102,2.021621,0.882639,-0.470051,60.0,16.0,9.0,0.946144,1634924384.0,368052630.0,37.817455,-122.468826,9.400519,0.796521,-0.604611,60.0,42.0,10.0,0.884462,274.52222222222224,3.778888888888889,10.0
1634924385.0,367145450.0,37.821511,-122.446092,2.007386,0.882549,-0.470221,60.0,16.0,9.0,0.944861,1634924385.0,368052630.0,37.817429,-122.468782,9.399323,0.796578,-0.604536,60.0,42.0,10.0,0.88146,274.5416666666667,3.779166666666667,10.0
1634924386.0,367145450.0,37.821507,-122.446082,1.992877,0.882473,-0.470363,60.0,16.0,9.0,0.943588,1634924386.0,368052630.0,37.817402,-122.468738,9.398694,0.796589,-0.604521,60.0,42.0,10.0,0.878458,274.5611111111112,3.7794444444444446,10.0
1634924387.0,367145450.0,37.821503,-122.446071,1.978095,0.882412,-0.470477,60.0,16.0,9.0,0.942324,1634924387.0,368052630.0,37.817376,-122.468694,9.398632,0.796556,-0.604565,60.0,42.0,10.0,0.875457,274.5805555555556,3.7797222222222224,10.0
1634924388.0,367145450.0,37.821498,-122.446061,1.96304,0.882367,-0.470562,60.0,16.0,9.0,0.941069,1634924388.0,368052630.0,37.81735,-122.468651,9.399138,0.796477,-0.604668,60.0,42.0,10.0,0.872455,274.6,3.78,10.0
1634924389.0,367145450.0,37.821494,-122.446051,1.947711,0.882337,-0.470619,60.0,16.0,9.0,0.939824,1634924389.0,368052630.0,37.817324,-122.468607,9.400211,0.796354,-0.604831,60.0,42.0,10.0,0.869454,274.61944444444447,3.7802777777777776,10.0
1634924390.0,367145450.0,37.82149,-122.446041,1.932108,0.882322,-0.470646,60.0,16.0,9.0,0.938589,1634924390.0,368052630.0,37.817297,-122.468563,9.401853,0.796186,-0.605052,60.0,42.0,10.0,0.866452,274.6388888888889,3.780555555555555,10.0
1634924391.0,367145450.0,37.821486,-122.446031,1.916232,0.882324,-0.470642,60.0,16.0,9.0,0.937363,1634924391.0,368052630.0,37.817271,-122.468519,9.404064,0.795973,-0.605332,60.0,42.0,10.0,0.863451,274.6583333333333,3.780833333333333,10.0
1634924392.0,367145450.0,37.821482,-122.446021,1.900083,0.882343,-0.470607,60.0,16.0,9.0,0.936148,1634924392.0,368052630.0,37.817245,-122.468475,9.406844,0.795715,-0.605672,60.0,42.0,10.0,0.860449,274.6777777777778,3.781111111111111,10.0
1634924393.0,367145450.0,37.821477,-122.446011,1.883659,0.882378,-0.47054,60.0,16.0,9.0,0.934943,1634924393.0,368052630.0,37.817218,-122.468431,9.410195,0.795412,-0.60607,60.0,42.0,10.0,0.857446,274.6972222222222,3.781388888888889,10.0
1634924394.0,367145450.0,37.821473,-122.446001,1.866963,0.882432,-0.470441,60.0,16.0,9.0,0.933748,1634924394.0,368052630.0,37.817192,-122.468388,9.414117,0.795064,-0.606526,60.0,42.0,10.0,0.854443,274.7166666666667,3.7816666666666654,10.0
1634924395.0,367145450.0,37.821469,-122.445992,1.849992,0.882503,-0.470307,60.0,16.0,9.0,0.932564,1634924395.0,368052630.0,37.817165,-122.468344,9.418611,0.794671,-0.60704,60.0,42.0,10.0,0.85144,274.7361111111111,3.781944444444445,10.0
1634924396.0,367145450.0,37.821465,-122.445982,1.832749,0.882593,-0.470139,60.0,16.0,9.0,0.931391,1634924396.0,368052630.0,37.817139,-122.4683,9.42368,0.794233,-0.607613,60.0,42.0,10.0,0.848435,274.7555555555556,3.7822222222222224,10.0
1634924397.0,367145450.0,37.821461,-122.445973,1.815231,0.882701,-0.469934,60.0,16.0,9.0,0.930228,1634924397.0,368052630.0,37.817112,-122.468256,9.429324,0.793751,-0.608243,60.0,42.0,10.0,0.84543,274.775,3.7825,10.0
1634924398.0,367145450.0,37.821457,-122.445963,1.797441,0.88283,-0.469693,60.0,16.0,9.0,0.929077,1634924398.0,368052630.0,37.817086,-122.468212,9.435546,0.793224,-0.60893,60.0,42.0,10.0,0.842424,274.7944444444444,3.7827777777777776,10.0
1634924399.0,367145450.0,37.821453,-122.445954,1.779377,0.882979,-0.469413,60.0,16.0,9.0,0.927937,1634924399.0,368052630.0,37.817059,-122.468168,9.442346,0.792652,-0.609675,60.0,42.0,10.0,0.839416,274.81388888888887,3.7830555555555554,10.0
1634924400.0,367145450.0,37.82145,-122.445945,1.76104,0.883148,-0.469094,60.0,16.0,9.0,0.926808,1634924400.0,368052630.0,37.817033,-122.468125,9.449727,0.792035,-0.610476,60.0,42.0,10.0,0.836407,274.8333333333333,3.783333333333333,10.0
1634924401.0,367145450.0,37.821446,-122.445936,1.742429,0.88334,-0.468733,60.0,16.0,9.0,0.92569,1634924401.0,368052630.0,37.817006,-122.468081,9.457692,0.791374,-0.611333,60.0,42.0,10.0,0.833397,274.85277777777776,3.783611111111111,10.0
1634924402.0,367145450.0,37.821442,-122.445927,1.723546,0.883554,-0.46833,60.0,16.0,9.0,0.924585,1634924402.0,368052630.0,37.816979,-122.468037,9.466241,0.790667,-0.612246,60.0,42.0,10.0,0.830386,274.8722222222222,3.783888888888889,10.0
1634924403.0,367145450.0,37.821438,-122.445918,1.704389,0.883791,-0.467883,60.0,16.0,9.0,0.923491,1634924403.0,368052630.0,37.816952,-122.467993,9.475378,0.789917,-0.613214,60.0,42.0,10.0,0.827372,274.89166666666665,3.784166666666666,10.0
1634924404.0,367145450.0,37.821434,-122.445909,1.68496,0.884052,-0.467389,60.0,16.0,9.0,0.922409,1634924404.0,368052630.0,37.816926,-122.467949,9.485105,0.789122,-0.614237,60.0,42.0,10.0,0.824358,274.9111111111111,3.784444444444445,10.0
1634924405.0,367145450.0,37.821431,-122.4459,1.665258,0.884338,-0.466848,60.0,16.0,9.0,0.92134,1634924405.0,368052630.0,37.816899,-122.467905,9.495425,0.788282,-0.615314,60.0,42.0,10.0,0.821341,274.93055555555554,3.7847222222222223,10.0
1634924406.0,367145450.0,37.821427,-122.445892,1.645283,0.884649,-0.466257,60.0,16.0,9.0,0.920283,1634924406.0,368052630.0,37.816872,-122.467862,9.50634,0.787398,-0.616445,60.0,42.0,10.0,0.818322,274.95,3.785,10.0
1634924407.0,367145450.0,37.821424,-122.445883,1.625036,0.884988,-0.465613,60.0,16.0,9.0,0.919238,1634924407.0,368052630.0,37.816844,-122.467818,9.517854,0.78647,-0.617629,60.0,42.0,10.0,0.815302,274.96944444444443,3.785277777777778,10.0
1634924408.0,367145450.0,37.82142,-122.445875,1.604517,0.885355,-0.464916,60.0,16.0,9.0,0.918206,1634924408.0,368052630.0,37.816817,-122.467774,9.529969,0.785497,-0.618865,60.0,42.0,10.0,0.812279,274.9888888888889,3.785555555555556,10.0
1634924409.0,367145450.0,37.821417,-122.445866,1.583726,0.885751,-0.464161,60.0,16.0,9.0,0.917187,1634924409.0,368052630.0,37.81679,-122.46773,9.542516,0.784493,-0.620138,60.0,42.0,10.0,0.809254,275.0083333333333,3.7858333333333336,10.0
1634924410.0,367145450.0,37.821413,-122.445858,1.562663,0.886177,-0.463346,60.0,16.0,9.0,0.916181,1634924410.0,368052630.0,37.816763,-122.467686,9.554802,0.783503,-0.621387,60.0,42.0,10.0,0.806227,275.02777777777777,3.786111111111111,10.0
1634924411.0,367145450.0,37.82141,-122.44585,1.541624,0.886632,-0.462475,60.0,16.0,9.0,0.915188,1634924411.0,368052630.0,37.816735,-122.467642,9.566654,0.782541,-0.622599,60.0,42.0,10.0,0.803197,275.0472222222222,3.786388888888889,10.0
1634924412.0,367145450.0,37.821407,-122.445842,1.521792,0.887104,-0.46157,60.0,16.0,9.0,0.914208,1634924412.0,368052630.0,37.816708,-122.467598,9.578068,0.781607,-0.623772,60.0,42.0,10.0,0.800166,275.06666666666666,3.786666666666666,10.0
1634924413.0,367145450.0,37.821403,-122.445834,1.503462,0.887588,-0.460639,60.0,16.0,9.0,0.913241,1634924413.0,368052630.0,37.81668,-122.467555,9.589044,0.780699,-0.624907,60.0,42.0,10.0,0.797132,275.0861111111111,3.786944444444445,10.0
1634924414.0,367145450.0,37.8214,-122.445826,1.486636,0.888083,-0.459683,60.0,16.0,9.0,0.912285,1634924414.0,368052630.0,37.816652,-122.467511,9.599578,0.779818,-0.626006,60.0,42.0,10.0,0.794096,275.10555555555555,3.7872222222222223,10.0
1634924415.0,367145450.0,37.821397,-122.445819,1.471313,0.888589,-0.458704,60.0,16.0,9.0,0.91134,1634924415.0,368052630.0,37.816624,-122.467467,9.60967,0.778965,-0.627068,60.0,42.0,10.0,0.791059,275.125,3.7875,10.0
1634924416.0,367145450.0,37.821394,-122.445811,1.457493,0.889104,-0.457706,60.0,16.0,9.0,0.910404,1634924416.0,368052630.0,37.816597,-122.467423,9.619318,0.778138,-0.628093,60.0,42.0,10.0,0.78802,275.14444444444445,3.787777777777778,10.0
1634924417.0,367145450.0,37.821391,-122.445803,1.445176,0.889626,-0.45669,60.0,16.0,9.0,0.909477,1634924417.0,368052630.0,37.816569,-122.467379,9.62852,0.777338,-0.629083,60.0,42.0,10.0,0.784979,275.1638888888889,3.7880555555555553,10.0
1634924418.0,367145450.0,37.821388,-122.445796,1.434362,0.890155,-0.455658,60.0,16.0,9.0,0.908557,1634924418.0,368052630.0,37.816541,-122.467335,9.637274,0.776565,-0.630037,60.0,42.0,10.0,0.781937,275.18333333333334,3.788333333333333,10.0
1634924419.0,367145450.0,37.821385,-122.445788,1.425051,0.890688,-0.454615,60.0,16.0,9.0,0.907644,1634924419.0,368052630.0,37.816512,-122.467292,9.645579,0.775819,-0.630955,60.0,42.0,10.0,0.778894,275.2027777777778,3.788611111111111,10.0
1634924420.0,367145450.0,37.821382,-122.445781,1.417244,0.891224,-0.453563,60.0,16.0,9.0,0.906736,1634924420.0,368052630.0,37.816484,-122.467248,9.653433,0.7751,-0.631839,60.0,42.0,10.0,0.775849,275.22222222222223,3.7888888888888888,10.0
1634924421.0,367145450.0,37.821379,-122.445773,1.410939,0.891762,-0.452505,60.0,16.0,9.0,0.905834,1634924421.0,368052630.0,37.816456,-122.467204,9.660835,0.774407,-0.632688,60.0,42.0,10.0,0.772803,275.2416666666667,3.7891666666666666,10.0
1634924422.0,367145450.0,37.821376,-122.445766,1.406138,0.892299,-0.451444,60.0,16.0,9.0,0.904935,1634924422.0,368052630.0,37.816428,-122.46716,9.667784,0.77374,-0.633503,60.0,42.0,10.0,0.769756,275.2611111111111,3.789444444444445,10.0
1634924423.0,367145450.0,37.821373,-122.445759,1.40284,0.892835,-0.450385,60.0,16.0,9.0,0.904039,1634924423.0,368052630.0,37.816399,-122.467116,9.674279,0.773101,-0.634283,60.0,42.0,10.0,0.766709,275.2805555555556,3.789722222222222,10.0
1634924424.0,367145450.0,37.82137,-122.445751,1.401045,0.893366,-0.449329,60.0,16.0,9.0,0.903145,1634924424.0,368052630.0,37.816371,-122.467073,9.680317,0.772488,-0.63503,60.0,42.0,10.0,0.76366,275.3,3.79,10.0
1634924425.0,367145450.0,37.821367,-122.445744,1.400753,0.893892,-0.448282,60.0,16.0,9.0,0.902252,1634924425.0,368052630.0,37.816343,-122.467029,9.685898,0.771901,-0.635743,60.0,42.0,10.0,0.760611,275.31944444444446,3.790277777777778,10.0
1634924426.0,367145450.0,37.821364,-122.445737,1.401964,0.894411,-0.447246,60.0,16.0,9.0,0.901358,1634924426.0,368052630.0,37.816314,-122.466985,9.691021,0.771341,-0.636423,60.0,42.0,10.0,0.757561,275.3388888888889,3.790555555555556,10.0
1634924427.0,367145450.0,37.821361,-122.445729,1.404678,0.894921,-0.446224,60.0,16.0,9.0,0.900464,1634924427.0,368052630.0,37.816286,-122.466941,9.695685,0.770807,-0.637069,60.0,42.0,10.0,0.754511,275.3583333333333,3.7908333333333335,10.0
1634924428.0,367145450.0,37.821358,-122.445722,1.408896,0.895421,-0.44522,60.0,16.0,9.0,0.899568,1634924428.0,368052630.0,37.816257,-122.466897,9.699889,0.770299,-0.637683,60.0,42.0,10.0,0.75146,275.3777777777778,3.7911111111111113,10.0
1634924429.0,367145450.0,37.821355,-122.445715,1.414615,0.895909,-0.444237,60.0,16.0,9.0,0.898669,1634924429.0,368052630.0,37.816228,-122.466854,9.703631,0.769818,-0.638264,60.0,42.0,10.0,0.748409,275.39722222222224,3.791388888888889,10.0
1634924430.0,367145450.0,37.821353,-122.445707,1.421838,0.896384,-0.443278,60.0,16.0,9.0,0.897766,1634924430.0,368052630.0,37.8162,-122.46681,9.706911,0.769363,-0.638812,60.0,42.0,10.0,0.745358,275.4166666666667,3.7916666666666665,10.0
1634924431.0,367145450.0,37.82135,-122.4457,1.430563,0.896845,-0.442345,60.0,16.0,9.0,0.896858,1634924431.0,368052630.0,37.816171,-122.466766,9.709728,0.768934,-0.639328,60.0,42.0,10.0,0.742307,275.4361111111112,3.791944444444444,10.0
1634924432.0,367145450.0,37.821347,-122.445692,1.440791,0.89729,-0.441441,60.0,16.0,9.0,0.895945,1634924432.0,368052630.0,37.816142,-122.466722,9.712081,0.768532,-0.639811,60.0,42.0,10.0,0.739256,275.4555555555556,3.792222222222222,10.0
1634924433.0,367145450.0,37.821344,-122.445685,1.452521,0.897719,-0.440568,60.0,16.0,9.0,0.895025,1634924433.0,368052630.0,37.816114,-122.466679,9.713969,0.768156,-0.640263,60.0,42.0,10.0,0.736206,275.475,3.7925,10.0
1634924434.0,367145450.0,37.821341,-122.445677,1.465753,0.898131,-0.439728,60.0,16.0,9.0,0.894097,1634924434.0,368052630.0,37.816085,-122.466635,9.715392,0.767806,-0.640682,60.0,42.0,10.0,0.733155,275.49444444444447,3.792777777777778,10.0
1634924435.0,367145450.0,37.821338,-122.445669,1.480487,0.898525,-0.438922,60.0,16.0,9.0,0.89316,1634924435.0,368052630.0,37.816056,-122.466591,9.716349,0.767482,-0.64107,60.0,42.0,10.0,0.730105,275.5138888888889,3.793055555555556,10.0
1634924436.0,367145450.0,37.821335,-122.445662,1.496723,0.8989,-0.438153,60.0,16.0,9.0,0.892214,1634924436.0,368052630.0,37.816027,-122.466548,9.716839,0.767185,-0.641426,60.0,42.0,10.0,0.727055,275.5333333333333,3.793333333333333,10.0
1634924437.0,367145450.0,37.821332,-122.445654,1.514462,0.899257,-0.437422,60.0,16.0,9.0,0.891258,1634924437.0,368052630.0,37.815998,-122.466504,9.716863,0.766914,-0.64175,60.0,42.0,10.0,0.724007,275.5527777777778,3.7936111111111113,10.0
1634924438.0,367145450.0,37.821329,-122.445646,1.533702,0.899593,-0.436728,60.0,16.0,9.0,0.89029,1634924438.0,368052630.0,37.81597,-122.46646,9.716418,0.766669,-0.642043,60.0,42.0,10.0,0.720958,275.5722222222222,3.7938888888888886,10.0
1634924439.0,367145450.0,37.821326,-122.445638,1.554443,0.899911,-0.436074,60.0,16.0,9.0,0.889309,1634924439.0,368052630.0,37.815941,-122.466417,9.715506,0.76645,-0.642304,60.0,42.0,10.0,0.717911,275.5916666666667,3.7941666666666665,10.0
1634924440.0,367145450.0,37.821323,-122.445629,1.576686,0.900209,-0.435458,60.0,16.0,9.0,0.888315,1634924440.0,368052630.0,37.815912,-122.466373,9.714124,0.766257,-0.642534,60.0,42.0,10.0,0.714865,275.6111111111111,3.794444444444444,10.0
1634924441.0,367145450.0,37.821319,-122.445621,1.600431,0.900487,-0.434883,60.0,16.0,9.0,0.887307,1634924441.0,368052630.0,37.815883,-122.46633,9.712274,0.766091,-0.642732,60.0,42.0,10.0,0.71182,275.6305555555556,3.794722222222222,10.0
1634924442.0,367145450.0,37.821316,-122.445613,1.625677,0.900746,-0.434346,60.0,16.0,9.0,0.886283,1634924442.0,368052630.0,37.815854,-122.466286,9.709955,0.765951,-0.642899,60.0,42.0,10.0,0.708775,275.65,3.795,10.0
1634924443.0,367145450.0,37.821313,-122.445604,1.652424,0.900986,-0.433848,60.0,16.0,9.0,0.885243,1634924443.0,368052630.0,37.815825,-122.466242,9.707166,0.765837,-0.643035,60.0,42.0,10.0,0.705733,275.6694444444444,3.7952777777777778,10.0
1634924444.0,367145450.0,37.82131,-122.445595,1.680672,0.901207,-0.433389,60.0,16.0,9.0,0.884186,1634924444.0,368052630.0,37.815796,-122.466199,9.703908,0.76575,-0.643139,60.0,42.0,10.0,0.702691,275.68888888888887,3.795555555555556,10.0
1634924445.0,367145450.0,37.821306,-122.445586,1.710421,0.90141,-0.432968,60.0,16.0,9.0,0.883111,1634924445.0,368052630.0,37.815767,-122.466155,9.70018,0.765688,-0.643212,60.0,42.0,10.0,0.699651,275.7083333333333,3.795833333333333,10.0
1634924446.0,367145450.0,37.821303,-122.445577,1.741672,0.901594,-0.432583,60.0,16.0,9.0,0.882017,1634924446.0,368052630.0,37.815739,-122.466112,9.695982,0.765654,-0.643253,60.0,42.0,10.0,0.696613,275.72777777777776,3.796111111111111,10.0
1634924447.0,367145450.0,37.821299,-122.445568,1.774423,0.901761,-0.432235,60.0,16.0,9.0,0.880902,1634924447.0,368052630.0,37.81571,-122.466068,9.691314,0.765645,-0.643263,60.0,42.0,10.0,0.693576,275.7472222222222,3.796388888888889,10.0
1634924448.0,367145450.0,37.821296,-122.445559,1.808674,0.901911,-0.431921,60.0,16.0,9.0,0.879767,1634924448.0,368052630.0,37.815681,-122.466025,9.686175,0.765663,-0.643242,60.0,42.0,10.0,0.690541,275.76666666666665,3.796666666666667,10.0
1634924449.0,367145450.0,37.821292,-122.445549,1.844427,0.902045,-0.431641,60.0,16.0,9.0,0.878609,1634924449.0,368052630.0,37.815652,-122.465981,9.680567,0.765708,-0.643189,60.0,42.0,10.0,0.687508,275.7861111111111,3.7969444444444447,10.0
1634924450.0,367145450.0,37.821288,-122.44554,1.88168,0.902164,-0.431394,60.0,16.0,9.0,0.877429,1634924450.0,368052630.0,37.815623,-122.465938,9.674489,0.765779,-0.643104,60.0,42.0,10.0,0.684477,275.80555555555554,3.797222222222224,10.0
1634924451.0,367145450.0,37.821285,-122.44553,1.920435,0.902267,-0.431178,60.0,16.0,9.0,0.876224,1634924451.0,368052630.0,37.815594,-122.465895,9.667941,0.765876,-0.642988,60.0,42.0,10.0,0.681448,275.825,3.7975,10.0
1634924452.0,367145450.0,37.821281,-122.445519,1.960689,0.902356,-0.430991,60.0,16.0,9.0,0.874995,1634924452.0,368052630.0,37.815566,-122.465851,9.660923,0.766,-0.64284,60.0,42.0,10.0,0.678422,275.84444444444443,3.7977777777777777,10.0
1634924453.0,367145450.0,37.821277,-122.445509,2.002444,0.902431,-0.430834,60.0,16.0,9.0,0.87374,1634924453.0,368052630.0,37.815537,-122.465808,9.653437,0.766151,-0.642661,60.0,42.0,10.0,0.675398,275.8638888888889,3.798055555555556,10.0
1634924454.0,367145450.0,37.821273,-122.445499,2.0457,0.902494,-0.430703,60.0,16.0,9.0,0.872458,1634924454.0,368052630.0,37.815508,-122.465765,9.645481,0.766328,-0.642449,60.0,42.0,10.0,0.672376,275.8833333333333,3.798333333333333,10.0
1634924455.0,367145450.0,37.821269,-122.445488,2.090457,0.902544,-0.430598,60.0,16.0,9.0,0.871149,1634924455.0,368052630.0,37.81548,-122.465721,9.637056,0.766533,-0.642205,60.0,42.0,10.0,0.669356,275.90277777777777,3.798611111111111,10.0
1634924456.0,367145450.0,37.821265,-122.445477,2.136713,0.902582,-0.430517,60.0,16.0,9.0,0.869811,1634924456.0,368052630.0,37.815451,-122.465678,9.628163,0.766764,-0.641929,60.0,42.0,10.0,0.66634,275.9222222222222,3.798888888888889,10.0
1634924457.0,367145450.0,37.82126,-122.445465,2.184471,0.90261,-0.43046,60.0,16.0,9.0,0.868443,1634924457.0,368052630.0,37.815422,-122.465635,9.618802,0.767022,-0.641621,60.0,42.0,10.0,0.663326,275.94166666666666,3.799166666666667,10.0
1634924458.0,367145450.0,37.821256,-122.445454,2.233729,0.902627,-0.430424,60.0,16.0,9.0,0.867044,1634924458.0,368052630.0,37.815394,-122.465592,9.608973,0.767307,-0.64128,60.0,42.0,10.0,0.660315,275.9611111111111,3.799444444444444,10.0
1634924459.0,367145450.0,37.821252,-122.445442,2.284487,0.902635,-0.430408,60.0,16.0,9.0,0.865615,1634924459.0,368052630.0,37.815365,-122.465548,9.598677,0.76762,-0.640906,60.0,42.0,10.0,0.657307,275.98055555555555,3.799722222222222,10.0
1634924460.0,367145450.0,37.821247,-122.44543,2.336746,0.902633,-0.430411,60.0,16.0,9.0,0.864152,1634924460.0,368052630.0,37.815337,-122.465505,9.587916,0.767959,-0.640499,60.0,42.0,10.0,0.654302,276.0,3.8,10.0
1634924461.0,367145450.0,37.821242,-122.445418,2.390505,0.902623,-0.430432,60.0,16.0,9.0,0.862656,1634924461.0,368052630.0,37.815308,-122.465462,9.576688,0.768326,-0.640059,60.0,42.0,10.0,0.6513,276.01944444444445,3.8002777777777776,10.0
1634924462.0,367145450.0,37.821238,-122.445405,2.445765,0.902605,-0.430469,60.0,16.0,9.0,0.861126,1634924462.0,368052630.0,37.81528,-122.465419,9.564996,0.76872,-0.639586,60.0,42.0,10.0,0.648301,276.0388888888889,3.800555555555556,10.0
1634924463.0,367145450.0,37.821233,-122.445392,2.502525,0.90258,-0.430522,60.0,16.0,9.0,0.85956,1634924463.0,368052630.0,37.815252,-122.465376,9.552839,0.769141,-0.639079,60.0,42.0,10.0,0.645306,276.05833333333334,3.800833333333333,10.0
1634924464.0,367145450.0,37.821228,-122.445379,2.560786,0.902548,-0.430589,60.0,16.0,9.0,0.857958,1634924464.0,368052630.0,37.815224,-122.465333,9.540219,0.769591,-0.638538,60.0,42.0,10.0,0.642314,276.0777777777778,3.801111111111111,10.0
1634924465.0,367145450.0,37.821223,-122.445365,2.620548,0.90251,-0.430669,60.0,16.0,9.0,0.856319,1634924465.0,368052630.0,37.815195,-122.46529,9.527136,0.770067,-0.637963,60.0,42.0,10.0,0.639325,276.09722222222223,3.801388888888889,10.0
1634924466.0,367145450.0,37.821217,-122.445351,2.68181,0.902466,-0.430761,60.0,16.0,9.0,0.854642,1634924466.0,368052630.0,37.815167,-122.465247,9.513592,0.770572,-0.637353,60.0,42.0,10.0,0.636341,276.1166666666667,3.8016666666666654,10.0
1634924467.0,367145450.0,37.821212,-122.445337,2.744572,0.902417,-0.430864,60.0,16.0,9.0,0.852925,1634924467.0,368052630.0,37.815139,-122.465204,9.499587,0.771105,-0.636709,60.0,42.0,10.0,0.63336,276.1361111111111,3.801944444444445,10.0
1634924468.0,367145450.0,37.821207,-122.445323,2.808835,0.902362,-0.430978,60.0,16.0,9.0,0.851168,1634924468.0,368052630.0,37.815111,-122.465161,9.485122,0.771665,-0.636029,60.0,42.0,10.0,0.630383,276.1555555555556,3.8022222222222224,10.0
1634924469.0,367145450.0,37.821201,-122.445308,2.874599,0.902304,-0.431101,60.0,16.0,9.0,0.84937,1634924469.0,368052630.0,37.815083,-122.465118,9.470199,0.772254,-0.635314,60.0,42.0,10.0,0.62741,276.175,3.8025,10.0
1634924470.0,367145450.0,37.821195,-122.445293,2.941863,0.902241,-0.431233,60.0,16.0,9.0,0.847531,1634924470.0,368052630.0,37.815055,-122.465076,9.454818,0.772871,-0.634564,60.0,42.0,10.0,0.62444,276.19444444444446,3.802777777777778,10.0
1634924471.0,367145450.0,37.821189,-122.445277,3.010628,0.902174,-0.431372,60.0,16.0,9.0,0.845648,1634924471.0,368052630.0,37.815028,-122.465033,9.438981,0.773516,-0.633777,60.0,42.0,10.0,0.621476,276.2138888888889,3.8030555555555554,10.0
1634924472.0,367145450.0,37.821183,-122.445261,3.080893,0.902104,-0.431519,60.0,16.0,9.0,0.843721,1634924472.0,368052630.0,37.815,-122.46499,9.422769,0.774187,-0.632957,60.0,42.0,10.0,0.618515,276.2333333333333,3.803333333333333,10.0
1634924473.0,367145450.0,37.821177,-122.445245,3.152659,0.902031,-0.431672,60.0,16.0,9.0,0.841749,1634924473.0,368052630.0,37.814972,-122.464947,9.406502,0.774874,-0.632115,60.0,42.0,10.0,0.615558,276.2527777777778,3.803611111111111,10.0
1634924474.0,367145450.0,37.821171,-122.445228,3.225926,0.901955,-0.43183,60.0,16.0,9.0,0.839732,1634924474.0,368052630.0,37.814945,-122.464905,9.390259,0.775575,-0.631255,60.0,42.0,10.0,0.612606,276.27222222222224,3.803888888888889,10.0
1634924475.0,367145450.0,37.821165,-122.445211,3.300693,0.901876,-0.431994,60.0,16.0,9.0,0.837667,1634924475.0,368052630.0,37.814917,-122.464862,9.374042,0.776289,-0.630377,60.0,42.0,10.0,0.609658,276.2916666666667,3.804166666666666,10.0
1634924476.0,367145450.0,37.821158,-122.445194,3.376961,0.901796,-0.432163,60.0,16.0,9.0,0.835555,1634924476.0,368052630.0,37.81489,-122.464819,9.357851,0.777017,-0.62948,60.0,42.0,10.0,0.606715,276.3111111111112,3.804444444444445,10.0
1634924477.0,367145450.0,37.821151,-122.445176,3.45473,0.901713,-0.432335,60.0,16.0,9.0,0.833394,1634924477.0,368052630.0,37.814863,-122.464777,9.341686,0.777758,-0.628564,60.0,42.0,10.0,0.603775,276.3305555555556,3.8047222222222223,10.0
1634924478.0,367145450.0,37.821144,-122.445158,3.534,0.901629,-0.432511,60.0,16.0,9.0,0.831184,1634924478.0,368052630.0,37.814836,-122.464734,9.325549,0.778513,-0.627629,60.0,42.0,10.0,0.60084,276.35,3.805,10.0
1634924479.0,367145450.0,37.821137,-122.445139,3.61477,0.901543,-0.43269,60.0,16.0,9.0,0.828922,1634924479.0,368052630.0,37.814809,-122.464692,9.30944,0.779281,-0.626675,60.0,42.0,10.0,0.597909,276.36944444444447,3.8052777777777775,10.0
1634924480.0,367145450.0,37.82113,-122.44512,3.696592,0.901457,-0.432868,60.0,16.0,9.0,0.82661,1634924480.0,368052630.0,37.814782,-122.464649,9.29336,0.780062,-0.625702,60.0,42.0,10.0,0.594982,276.3888888888889,3.8055555555555554,10.0
1634924481.0,367145450.0,37.821123,-122.4451,3.777667,0.901382,-0.433025,60.0,16.0,9.0,0.824245,1634924481.0,368052630.0,37.814755,-122.464607,9.27731,0.780857,-0.62471,60.0,42.0,10.0,0.592059,276.4083333333333,3.805833333333333,10.0
1634924482.0,367145450.0,37.821115,-122.445081,3.857547,0.901317,-0.43316,60.0,16.0,9.0,0.821828,1634924482.0,368052630.0,37.814728,-122.464564,9.26129,0.781666,-0.623698,60.0,42.0,10.0,0.589141,276.4277777777778,3.806111111111111,10.0
1634924483.0,367145450.0,37.821107,-122.44506,3.936231,0.901263,-0.433273,60.0,16.0,9.0,0.81936,1634924483.0,368052630.0,37.814701,-122.464522,9.245301,0.782488,-0.622666,60.0,42.0,10.0,0.586226,276.4472222222222,3.806388888888889,10.0
1634924484.0,367145450.0,37.821099,-122.445039,4.01372,0.901218,-0.433367,60.0,16.0,9.0,0.816842,1634924484.0,368052630.0,37.814675,-122.46448,9.229344,0.783323,-0.621615,60.0,42.0,10.0,0.583315,276.4666666666667,3.806666666666666,10.0
1634924485.0,367145450.0,37.821091,-122.445018,4.090013,0.901182,-0.433441,60.0,16.0,9.0,0.814275,1634924485.0,368052630.0,37.814648,-122.464437,9.21342,0.784172,-0.620543,60.0,42.0,10.0,0.580409,276.4861111111111,3.806944444444445,10.0
1634924486.0,367145450.0,37.821083,-122.444997,4.165111,0.901154,-0.433498,60.0,16.0,9.0,0.811658,1634924486.0,368052630.0,37.814622,-122.464395,9.19753,0.785034,-0.619452,60.0,42.0,10.0,0.577506,276.5055555555556,3.8072222222222223,10.0
1634924487.0,367145450.0,37.821075,-122.444975,4.239013,0.901135,-0.433539,60.0,16.0,9.0,0.808994,1634924487.0,368052630.0,37.814595,-122.464353,9.181674,0.78591,-0.618341,60.0,42.0,10.0,0.574607,276.525,3.8075,10.0
1634924488.0,367145450.0,37.821066,-122.444952,4.311719,0.901123,-0.433564,60.0,16.0,9.0,0.806283,1634924488.0,368052630.0,37.814569,-122.46431,9.165853,0.7868,-0.617209,60.0,42.0,10.0,0.571712,276.5444444444444,3.807777777777778,10.0
1634924489.0,367145450.0,37.821058,-122.44493,4.383229,0.901118,-0.433573,60.0,16.0,9.0,0.803525,1634924489.0,368052630.0,37.814543,-122.464268,9.150069,0.787702,-0.616056,60.0,42.0,10.0,0.568821,276.56388888888887,3.808055555555556,10.0
1634924490.0,367145450.0,37.821049,-122.444906,4.453544,0.90112,-0.433569,60.0,16.0,9.0,0.800721,1634924490.0,368052630.0,37.814517,-122.464226,9.134321,0.788618,-0.614883,60.0,42.0,10.0,0.565934,276.5833333333333,3.8083333333333336,10.0
1634924491.0,367145450.0,37.82104,-122.444883,4.522663,0.901129,-0.433551,60.0,16.0,9.0,0.797872,1634924491.0,368052630.0,37.814491,-122.464184,9.118612,0.789548,-0.613689,60.0,42.0,10.0,0.56305,276.60277777777776,3.808611111111111,10.0
1634924492.0,367145450.0,37.821031,-122.444859,4.590586,0.901144,-0.43352,60.0,16.0,9.0,0.794979,1634924492.0,368052630.0,37.814465,-122.464142,9.102941,0.790491,-0.612474,60.0,42.0,10.0,0.560171,276.6222222222222,3.8088888888888888,10.0
1634924493.0,367145450.0,37.821022,-122.444835,4.657313,0.901165,-0.433476,60.0,16.0,9.0,0.792043,1634924493.0,368052630.0,37.814439,-122.464099,9.08731,0.791447,-0.611238,60.0,42.0,10.0,0.557295,276.64166666666665,3.8091666666666666,10.0
1634924494.0,367145450.0,37.821012,-122.44481,4.722845,0.901191,-0.433421,60.0,16.0,9.0,0.789064,1634924494.0,368052630.0,37.814413,-122.464057,9.07172,0.792416,-0.60998,60.0,42.0,10.0,0.554422,276.6611111111111,3.809444444444445,10.0
1634924495.0,367145450.0,37.821003,-122.444785,4.787181,0.901224,-0.433354,60.0,16.0,9.0,0.786043,1634924495.0,368052630.0,37.814388,-122.464015,9.056171,0.793399,-0.608702,60.0,42.0,10.0,0.551554,276.68055555555554,3.8097222222222222,10.0
1634924496.0,367145450.0,37.820993,-122.44476,4.850322,0.901261,-0.433277,60.0,16.0,9.0,0.782981,1634924496.0,368052630.0,37.814362,-122.463973,9.040665,0.794395,-0.607401,60.0,42.0,10.0,0.548689,276.7,3.81,10.0
1634924497.0,367145450.0,37.820984,-122.444734,4.912267,0.901304,-0.433188,60.0,16.0,9.0,0.779879,1634924497.0,368052630.0,37.814337,-122.463931,9.025203,0.795404,-0.606079,60.0,42.0,10.0,0.545828,276.71944444444443,3.810277777777778,10.0
1634924498.0,367145450.0,37.820974,-122.444708,4.973016,0.901351,-0.433089,60.0,16.0,9.0,0.776736,1634924498.0,368052630.0,37.814312,-122.463889,9.009786,0.796427,-0.604735,60.0,42.0,10.0,0.54297,276.7388888888889,3.810555555555556,10.0
1634924499.0,367145450.0,37.820964,-122.444682,5.03257,0.901404,-0.43298,60.0,16.0,9.0,0.773555,1634924499.0,368052630.0,37.814286,-122.463847,8.994414,0.797462,-0.603369,60.0,42.0,10.0,0.540116,276.7583333333333,3.810833333333333,10.0
1634924500.0,367145450.0,37.820954,-122.444656,5.090928,0.901461,-0.432861,60.0,16.0,9.0,0.770336,1634924500.0,368052630.0,37.814261,-122.463805,8.979089,0.798511,-0.60198,60.0,42.0,10.0,0.537265,276.77777777777777,3.811111111111111,10.0
1634924501.0,367145450.0,37.820943,-122.444629,5.148091,0.901522,-0.432733,60.0,16.0,9.0,0.76708,1634924501.0,368052630.0,37.814236,-122.463763,8.963812,0.799573,-0.600569,60.0,42.0,10.0,0.534418,276.7972222222222,3.8113888888888887,10.0
1634924502.0,367145450.0,37.820933,-122.444602,5.204058,0.901588,-0.432595,60.0,16.0,9.0,0.763786,1634924502.0,368052630.0,37.814211,-122.463721,8.948583,0.800648,-0.599136,60.0,42.0,10.0,0.531574,276.81666666666666,3.8116666666666665,10.0
1634924503.0,367145450.0,37.820923,-122.444574,5.258829,0.901659,-0.432449,60.0,16.0,9.0,0.760457,1634924503.0,368052630.0,37.814186,-122.463679,8.933405,0.801735,-0.597679,60.0,42.0,10.0,0.528734,276.8361111111111,3.811944444444445,10.0
1634924504.0,367145450.0,37.820912,-122.444546,5.312405,0.901733,-0.432293,60.0,16.0,9.0,0.757093,1634924504.0,368052630.0,37.814162,-122.463637,8.918278,0.802836,-0.5962,60.0,42.0,10.0,0.525897,276.85555555555555,3.812222222222222,10.0
1634924505.0,367145450.0,37.820902,-122.444518,5.364786,0.901812,-0.432128,60.0,16.0,9.0,0.753695,1634924505.0,368052630.0,37.814137,-122.463595,8.903203,0.803949,-0.594698,60.0,42.0,10.0,0.523063,276.875,3.8125,10.0
1634924506.0,367145450.0,37.820891,-122.44449,5.415971,0.901895,-0.431955,60.0,16.0,9.0,0.750262,1634924506.0,368052630.0,37.814113,-122.463553,8.888182,0.805076,-0.593172,60.0,42.0,10.0,0.520233,276.89444444444445,3.812777777777778,10.0
1634924507.0,367145450.0,37.82088,-122.444461,5.465961,0.901982,-0.431774,60.0,16.0,9.0,0.746797,1634924507.0,368052630.0,37.814088,-122.463511,8.873215,0.806215,-0.591623,60.0,42.0,10.0,0.517406,276.9138888888889,3.813055555555556,10.0
1634924508.0,367145450.0,37.820869,-122.444432,5.514756,0.902073,-0.431584,60.0,16.0,9.0,0.7433,1634924508.0,368052630.0,37.814064,-122.463469,8.858304,0.807366,-0.590051,60.0,42.0,10.0,0.514582,276.93333333333334,3.8133333333333335,10.0
1634924509.0,367145450.0,37.820858,-122.444403,5.562355,0.902168,-0.431385,60.0,16.0,9.0,0.739772,1634924509.0,368052630.0,37.81404,-122.463428,8.84345,0.80853,-0.588454,60.0,42.0,10.0,0.511762,276.9527777777778,3.8136111111111113,10.0
1634924510.0,367145450.0,37.820847,-122.444374,5.608759,0.902266,-0.431179,60.0,16.0,9.0,0.736213,1634924510.0,368052630.0,37.814016,-122.463386,8.828654,0.809707,-0.586834,60.0,42.0,10.0,0.508944,276.97222222222223,3.813888888888889,10.0
1634924511.0,367145450.0,37.820836,-122.444344,5.653968,0.902369,-0.430964,60.0,16.0,9.0,0.732624,1634924511.0,368052630.0,37.813992,-122.463344,8.813918,0.810896,-0.58519,60.0,42.0,10.0,0.50613,276.9916666666667,3.814166666666667,10.0
1634924512.0,367145450.0,37.820825,-122.444314,5.697981,0.902475,-0.430741,60.0,16.0,9.0,0.729006,1634924512.0,368052630.0,37.813968,-122.463302,8.799242,0.812098,-0.583521,60.0,42.0,10.0,0.503319,277.0111111111111,3.814444444444444,10.0
1634924513.0,367145450.0,37.820813,-122.444284,5.7408,0.902586,-0.430511,60.0,16.0,9.0,0.72536,1634924513.0,368052630.0,37.813944,-122.46326,8.784629,0.813312,-0.581828,60.0,42.0,10.0,0.500511,277.0305555555556,3.814722222222222,10.0
1634924514.0,367145450.0,37.820802,-122.444254,5.782423,0.902699,-0.430272,60.0,16.0,9.0,0.721687,1634924514.0,368052630.0,37.813921,-122.463218,8.770078,0.814538,-0.58011,60.0,42.0,10.0,0.497706,277.05,3.815,10.0
1634924515.0,367145450.0,37.82079,-122.444223,5.822851,0.902817,-0.430025,60.0,16.0,9.0,0.717986,1634924515.0,368052630.0,37.813897,-122.463176,8.755593,0.815776,-0.578368,60.0,42.0,10.0,0.494904,277.06944444444446,3.8152777777777778,10.0
1634924516.0,367145450.0,37.820779,-122.444193,5.862085,0.902938,-0.42977,60.0,16.0,9.0,0.71426,1634924516.0,368052630.0,37.813874,-122.463135,8.741173,0.817026,-0.5766,60.0,42.0,10.0,0.492105,277.0888888888889,3.815555555555556,10.0
1634924517.0,367145450.0,37.820767,-122.444162,5.900123,0.903063,-0.429507,60.0,16.0,9.0,0.710508,1634924517.0,368052630.0,37.81385,-122.463093,8.726821,0.818288,-0.574808,60.0,42.0,10.0,0.489309,277.1083333333333,3.815833333333333,10.0
1634924518.0,367145450.0,37.820755,-122.44413,5.936967,0.903192,-0.429237,60.0,16.0,9.0,0.706732,1634924518.0,368052630.0,37.813827,-122.463051,8.712537,0.819562,-0.57299,60.0,42.0,10.0,0.486516,277.1277777777778,3.8161111111111112,10.0
1634924519.0,367145450.0,37.820743,-122.444099,5.972616,0.903325,-0.428958,60.0,16.0,9.0,0.702931,1634924519.0,368052630.0,37.813804,-122.463009,8.698323,0.820848,-0.571147,60.0,42.0,10.0,0.483725,277.14722222222224,3.816388888888889,10.0
1634924520.0,367145450.0,37.820732,-122.444067,6.00707,0.903461,-0.428671,60.0,16.0,9.0,0.699108,1634924520.0,368052630.0,37.813781,-122.462967,8.684181,0.822145,-0.569278,60.0,42.0,10.0,0.480938,277.1666666666667,3.8166666666666655,10.0
1634924521.0,367145450.0,37.82072,-122.444036,6.040329,0.903601,-0.428376,60.0,16.0,9.0,0.695263,1634924521.0,368052630.0,37.813758,-122.462926,8.670112,0.823454,-0.567383,60.0,42.0,10.0,0.478153,277.1861111111112,3.816944444444444,10.0
1634924522.0,367145450.0,37.820708,-122.444004,6.072394,0.903744,-0.428073,60.0,16.0,9.0,0.691396,1634924522.0,368052630.0,37.813735,-122.462884,8.656117,0.824774,-0.565462,60.0,42.0,10.0,0.475371,277.2055555555556,3.817222222222222,10.0
1634924523.0,367145450.0,37.820696,-122.443971,6.103264,0.903892,-0.427762,60.0,16.0,9.0,0.687509,1634924523.0,368052630.0,37.813713,-122.462842,8.642198,0.826106,-0.563515,60.0,42.0,10.0,0.472592,277.225,3.8175,10.0
1634924524.0,367145450.0,37.820684,-122.443939,6.132939,0.904043,-0.427442,60.0,16.0,9.0,0.683601,1634924524.0,368052630.0,37.81369,-122.4628,8.628356,0.827449,-0.561541,60.0,42.0,10.0,0.469816,277.24444444444447,3.8177777777777777,10.0
1634924525.0,367145450.0,37.820671,-122.443907,6.16142,0.904198,-0.427114,60.0,16.0,9.0,0.679675,1634924525.0,368052630.0,37.813668,-122.462758,8.614593,0.828802,-0.559542,60.0,42.0,10.0,0.467042,277.2638888888889,3.818055555555556,10.0
1634924526.0,367145450.0,37.820659,-122.443874,6.188707,0.904356,-0.426778,60.0,16.0,9.0,0.675729,1634924526.0,368052630.0,37.813645,-122.462717,8.60091,0.830167,-0.557515,60.0,42.0,10.0,0.46427,277.2833333333333,3.818333333333333,10.0
1634924527.0,367145450.0,37.820647,-122.443841,6.2148,0.904519,-0.426434,60.0,16.0,9.0,0.671767,1634924527.0,368052630.0,37.813623,-122.462675,8.58731,0.831542,-0.555462,60.0,42.0,10.0,0.461502,277.3027777777778,3.818611111111111,10.0
1634924528.0,367145450.0,37.820635,-122.443808,6.239698,0.904685,-0.42608,60.0,16.0,9.0,0.667787,1634924528.0,368052630.0,37.813601,-122.462633,8.573792,0.832928,-0.553381,60.0,42.0,10.0,0.458736,277.3222222222222,3.818888888888889,10.0
1634924529.0,367145450.0,37.820623,-122.443775,6.263402,0.904856,-0.425719,60.0,16.0,9.0,0.663791,1634924529.0,368052630.0,37.813579,-122.462591,8.56036,0.834325,-0.551273,60.0,42.0,10.0,0.455972,277.3416666666667,3.819166666666667,10.0
1634924530.0,367145450.0,37.82061,-122.443742,6.285912,0.90503,-0.425348,60.0,16.0,9.0,0.659779,1634924530.0,368052630.0,37.813557,-122.462549,8.547014,0.835731,-0.549138,60.0,42.0,10.0,0.453211,277.3611111111111,3.8194444444444446,10.0
1634924531.0,367145450.0,37.820598,-122.443709,6.307228,0.905208,-0.424968,60.0,16.0,9.0,0.655753,1634924531.0,368052630.0,37.813536,-122.462507,8.533756,0.837148,-0.546976,60.0,42.0,10.0,0.450452,277.3805555555556,3.819722222222224,10.0
1634924532.0,367145450.0,37.820585,-122.443675,6.327351,0.905391,-0.424579,60.0,16.0,9.0,0.651713,1634924532.0,368052630.0,37.813514,-122.462466,8.520588,0.838575,-0.544786,60.0,42.0,10.0,0.447696,277.4,3.82,10.0
1634924533.0,367145450.0,37.820573,-122.443642,6.346279,0.905577,-0.424182,60.0,16.0,9.0,0.64766,1634924533.0,368052630.0,37.813493,-122.462424,8.507512,0.840012,-0.542568,60.0,42.0,10.0,0.444942,277.4194444444444,3.8202777777777777,10.0
1634924534.0,367145450.0,37.820561,-122.443608,6.364014,0.905768,-0.423774,60.0,16.0,9.0,0.643594,1634924534.0,368052630.0,37.813471,-122.462382,8.494528,0.841459,-0.540321,60.0,42.0,10.0,0.44219,277.43888888888887,3.820555555555556,10.0
1634924535.0,367145450.0,37.820548,-122.443574,6.380555,0.905963,-0.423358,60.0,16.0,9.0,0.639517,1634924535.0,368052630.0,37.81345,-122.46234,8.481706,0.842908,-0.538058,60.0,42.0,10.0,0.439441,277.4583333333333,3.820833333333333,10.0
1634924536.0,367145450.0,37.820536,-122.443541,6.395903,0.906162,-0.422931,60.0,16.0,9.0,0.635428,1634924536.0,368052630.0,37.813429,-122.462298,8.469308,0.84433,-0.535824,60.0,42.0,10.0,0.436694,277.47777777777776,3.821111111111111,10.0
1634924537.0,367145450.0,37.820523,-122.443507,6.410057,0.906365,-0.422495,60.0,16.0,9.0,0.63133,1634924537.0,368052630.0,37.813408,-122.462256,8.457398,0.845717,-0.533631,60.0,42.0,10.0,0.433949,277.4972222222222,3.821388888888889,10.0
1634924538.0,367145450.0,37.820511,-122.443473,6.423018,0.906573,-0.422049,60.0,16.0,9.0,0.627222,1634924538.0,368052630.0,37.813387,-122.462214,8.445971,0.847071,-0.531479,60.0,42.0,10.0,0.431206,277.51666666666665,3.8216666666666654,10.0
1634924539.0,367145450.0,37.820498,-122.443438,6.434786,0.906785,-0.421592,60.0,16.0,9.0,0.623106,1634924539.0,368052630.0,37.813366,-122.462172,8.435025,0.848391,-0.52937,60.0,42.0,10.0,0.428465,277.5361111111111,3.8219444444444446,10.0
1634924540.0,367145450.0,37.820485,-122.443404,6.445361,0.907002,-0.421126,60.0,16.0,9.0,0.618981,1634924540.0,368052630.0,37.813346,-122.462131,8.424554,0.849677,-0.527304,60.0,42.0,10.0,0.425726,277.55555555555554,3.822222222222222,10.0
1634924541.0,367145450.0,37.820473,-122.44337,6.454743,0.907224,-0.420648,60.0,16.0,9.0,0.61485,1634924541.0,368052630.0,37.813325,-122.462089,8.414557,0.850928,-0.525282,60.0,42.0,10.0,0.422988,277.575,3.8225,10.0
1634924542.0,367145450.0,37.82046,-122.443336,6.462932,0.90745,-0.42016,60.0,16.0,9.0,0.610712,1634924542.0,368052630.0,37.813305,-122.462047,8.405028,0.852146,-0.523304,60.0,42.0,10.0,0.420253,277.59444444444443,3.8227777777777776,10.0
1634924543.0,367145450.0,37.820448,-122.443301,6.469929,0.907681,-0.41966,60.0,16.0,9.0,0.606569,1634924543.0,368052630.0,37.813284,-122.462005,8.395965,0.853329,-0.521372,60.0,42.0,10.0,0.417518,277.6138888888889,3.823055555555555,10.0
1634924544.0,367145450.0,37.820435,-122.443267,6.475733,0.907917,-0.419149,60.0,16.0,9.0,0.60242,1634924544.0,368052630.0,37.813264,-122.461963,8.387365,0.854479,-0.519486,60.0,42.0,10.0,0.414786,277.6333333333333,3.823333333333333,10.0
1634924545.0,367145450.0,37.820423,-122.443233,6.480344,0.908158,-0.418627,60.0,16.0,9.0,0.598268,1634924545.0,368052630.0,37.813244,-122.461921,8.379224,0.855595,-0.517646,60.0,42.0,10.0,0.412054,277.65277777777777,3.823611111111111,10.0
1634924546.0,367145450.0,37.82041,-122.443198,6.483764,0.908404,-0.418093,60.0,16.0,9.0,0.594112,1634924546.0,368052630.0,37.813224,-122.461879,8.371539,0.856677,-0.515854,60.0,42.0,10.0,0.409324,277.6722222222222,3.823888888888889,10.0
1634924547.0,367145450.0,37.820398,-122.443164,6.485991,0.908656,-0.417546,60.0,16.0,9.0,0.589954,1634924547.0,368052630.0,37.813204,-122.461837,8.364306,0.857725,-0.51411,60.0,42.0,10.0,0.406595,277.69166666666666,3.8241666666666654,10.0
1634924548.0,367145450.0,37.820385,-122.443129,6.487026,0.908912,-0.416987,60.0,16.0,9.0,0.585793,1634924548.0,368052630.0,37.813184,-122.461795,8.357523,0.858739,-0.512414,60.0,42.0,10.0,0.403867,277.7111111111111,3.824444444444445,10.0
1634924549.0,367145450.0,37.820372,-122.443095,6.48687,0.909174,-0.416416,60.0,16.0,9.0,0.581632,1634924549.0,368052630.0,37.813164,-122.461753,8.351187,0.859719,-0.510767,60.0,42.0,10.0,0.40114,277.73055555555555,3.8247222222222224,10.0
1634924550.0,367145450.0,37.82036,-122.44306,6.48572,0.909441,-0.415833,60.0,16.0,9.0,0.57747,1634924550.0,368052630.0,37.813144,-122.461711,8.345294,0.860666,-0.50917,60.0,42.0,10.0,0.398414,277.75,3.825,10.0
1634924551.0,367145450.0,37.820348,-122.443025,6.484366,0.909709,-0.415246,60.0,16.0,9.0,0.573309,1634924551.0,368052630.0,37.813125,-122.461669,8.339842,0.861579,-0.507623,60.0,42.0,10.0,0.395688,277.76944444444445,3.825277777777778,10.0
1634924552.0,367145450.0,37.820335,-122.442991,6.483008,0.909978,-0.414657,60.0,16.0,9.0,0.569148,1634924552.0,368052630.0,37.813105,-122.461627,8.334828,0.862459,-0.506127,60.0,42.0,10.0,0.392964,277.7888888888889,3.825555555555556,10.0
1634924553.0,367145450.0,37.820323,-122.442956,6.481644,0.910247,-0.414065,60.0,16.0,9.0,0.564988,1634924553.0,368052630.0,37.813086,-122.461585,8.33025,0.863306,-0.504682,60.0,42.0,10.0,0.390239,277.80833333333334,3.825833333333333,10.0
1634924554.0,367145450.0,37.82031,-122.442922,6.480276,0.910517,-0.413472,60.0,16.0,9.0,0.560828,1634924554.0,368052630.0,37.813066,-122.461542,8.326104,0.864119,-0.503288,60.0,42.0,10.0,0.387516,277.8277777777778,3.826111111111111,10.0
1634924555.0,367145450.0,37.820298,-122.442887,6.478902,0.910787,-0.412876,60.0,16.0,9.0,0.556668,1634924555.0,368052630.0,37.813047,-122.4615,8.322389,0.864898,-0.501947,60.0,42.0,10.0,0.384792,277.84722222222223,3.826388888888889,10.0
1634924556.0,367145450.0,37.820285,-122.442853,6.477523,0.911058,-0.412278,60.0,16.0,9.0,0.552509,1634924556.0,368052630.0,37.813027,-122.461458,8.319101,0.865645,-0.500658,60.0,42.0,10.0,0.382069,277.8666666666667,3.826666666666666,10.0
1634924557.0,367145450.0,37.820273,-122.442818,6.476139,0.911329,-0.411678,60.0,16.0,9.0,0.54835,1634924557.0,368052630.0,37.813008,-122.461416,8.316239,0.866359,-0.499422,60.0,42.0,10.0,0.379346,277.8861111111111,3.826944444444445,10.0
1634924558.0,367145450.0,37.820261,-122.442784,6.47475,0.911601,-0.411076,60.0,16.0,9.0,0.544191,1634924558.0,368052630.0,37.812989,-122.461374,8.3138,0.867039,-0.49824,60.0,42.0,10.0,0.376623,277.9055555555556,3.8272222222222223,10.0
1634924559.0,367145450.0,37.820248,-122.442749,6.473356,0.911873,-0.410472,60.0,16.0,9.0,0.540034,1634924559.0,368052630.0,37.81297,-122.461332,8.311782,0.867687,-0.497111,60.0,42.0,10.0,0.373901,277.925,3.8275,10.0
1634924560.0,367145450.0,37.820236,-122.442714,6.471957,0.912146,-0.409865,60.0,16.0,9.0,0.535876,1634924560.0,368052630.0,37.812951,-122.461289,8.310183,0.868302,-0.496036,60.0,42.0,10.0,0.371178,277.94444444444446,3.8277777777777775,10.0
1634924561.0,367145450.0,37.820224,-122.44268,6.470553,0.912419,-0.409256,60.0,16.0,9.0,0.531719,1634924561.0,368052630.0,37.812932,-122.461247,8.309001,0.868884,-0.495015,60.0,42.0,10.0,0.368455,277.9638888888889,3.8280555555555553,10.0
1634924562.0,367145450.0,37.820212,-122.442645,6.469145,0.912693,-0.408645,60.0,16.0,9.0,0.527562,1634924562.0,368052630.0,37.812913,-122.461205,8.308234,0.869434,-0.494049,60.0,42.0,10.0,0.365731,277.9833333333333,3.828333333333333,10.0
1634924563.0,367145450.0,37.820199,-122.442611,6.467731,0.912968,-0.408032,60.0,16.0,9.0,0.523406,1634924563.0,368052630.0,37.812894,-122.461162,8.307881,0.869951,-0.493138,60.0,42.0,10.0,0.363008,278.0027777777778,3.828611111111111,10.0
1634924564.0,367145450.0,37.820187,-122.442576,6.466312,0.913242,-0.407417,60.0,16.0,9.0,0.51925,1634924564.0,368052630.0,37.812875,-122.46112,8.30794,0.870436,-0.492282,60.0,42.0,10.0,0.360283,278.02222222222224,3.828888888888889,10.0
1634924565.0,367145450.0,37.820175,-122.442542,6.464889,0.913518,-0.406799,60.0,16.0,9.0,0.515095,1634924565.0,368052630.0,37.812856,-122.461078,8.308409,0.870888,-0.491481,60.0,42.0,10.0,0.357559,278.0416666666667,3.8291666666666666,10.0
1634924566.0,367145450.0,37.820163,-122.442507,6.463461,0.913794,-0.406179,60.0,16.0,9.0,0.51094,1634924566.0,368052630.0,37.812837,-122.461035,8.309286,0.871308,-0.490736,60.0,42.0,10.0,0.354833,278.0611111111112,3.829444444444445,10.0
1634924567.0,367145450.0,37.820151,-122.442472,6.462028,0.91407,-0.405557,60.0,16.0,9.0,0.506786,1634924567.0,368052630.0,37.812818,-122.460993,8.310571,0.871697,-0.490046,60.0,42.0,10.0,0.352107,278.0805555555556,3.8297222222222222,10.0
1634924568.0,367145450.0,37.820139,-122.442438,6.46059,0.914347,-0.404933,60.0,16.0,9.0,0.502632,1634924568.0,368052630.0,37.812799,-122.460951,8.312262,0.872053,-0.489412,60.0,42.0,10.0,0.34938,278.1,3.83,10.0
1634924569.0,367145450.0,37.820126,-122.442403,6.459147,0.914624,-0.404306,60.0,16.0,9.0,0.498479,1634924569.0,368052630.0,37.81278,-122.460908,8.314358,0.872377,-0.488834,60.0,42.0,10.0,0.346652,278.11944444444447,3.830277777777778,10.0
1634924570.0,367145450.0,37.820114,-122.442369,6.4577,0.914901,-0.403677,60.0,16.0,9.0,0.494326,1634924570.0,368052630.0,37.812761,-122.460866,8.316858,0.872669,-0.488313,60.0,42.0,10.0,0.343924,278.1388888888889,3.830555555555556,10.0
1634924571.0,367145450.0,37.820102,-122.442334,6.456248,0.91518,-0.403046,60.0,16.0,9.0,0.490173,1634924571.0,368052630.0,37.812743,-122.460823,8.31976,0.872929,-0.487847,60.0,42.0,10.0,0.341194,278.1583333333333,3.8308333333333335,10.0
1634924572.0,367145450.0,37.82009,-122.442299,6.454792,0.915458,-0.402413,60.0,16.0,9.0,0.486021,1634924572.0,368052630.0,37.812724,-122.460781,8.323065,0.873158,-0.487438,60.0,42.0,10.0,0.338462,278.1777777777778,3.831111111111112,10.0
1634924573.0,367145450.0,37.820078,-122.442265,6.453331,0.915737,-0.401777,60.0,16.0,9.0,0.48187,1634924573.0,368052630.0,37.812705,-122.460738,8.326771,0.873355,-0.487085,60.0,42.0,10.0,0.33573,278.1972222222222,3.8313888888888887,10.0
1634924574.0,367145450.0,37.820066,-122.44223,6.451865,0.916017,-0.401139,60.0,16.0,9.0,0.477719,1634924574.0,368052630.0,37.812686,-122.460695,8.330878,0.87352,-0.486788,60.0,42.0,10.0,0.332996,278.2166666666667,3.8316666666666666,10.0
1634924575.0,367145450.0,37.820054,-122.442195,6.450395,0.916297,-0.400499,60.0,16.0,9.0,0.473568,1634924575.0,368052630.0,37.812668,-122.460653,8.335385,0.873654,-0.486547,60.0,42.0,10.0,0.330261,278.2361111111111,3.831944444444445,10.0
1634924576.0,367145450.0,37.820042,-122.442161,6.44892,0.916578,-0.399857,60.0,16.0,9.0,0.469418,1634924576.0,368052630.0,37.812649,-122.46061,8.340291,0.873757,-0.486363,60.0,42.0,10.0,0.327524,278.2555555555556,3.832222222222222,10.0
1634924577.0,367145450.0,37.82003,-122.442126,6.44744,0.916859,-0.399212,60.0,16.0,9.0,0.465268,1634924577.0,368052630.0,37.81263,-122.460568,8.345597,0.873829,-0.486234,60.0,42.0,10.0,0.324786,278.275,3.8325,10.0
1634924578.0,367145450.0,37.820018,-122.442092,6.445957,0.91714,-0.398565,60.0,16.0,9.0,0.461119,1634924578.0,368052630.0,37.812611,-122.460525,8.351302,0.873869,-0.486162,60.0,42.0,10.0,0.322046,278.2944444444444,3.832777777777778,10.0
1634924579.0,367145450.0,37.820007,-122.442057,6.444468,0.917422,-0.397916,60.0,16.0,9.0,0.456971,1634924579.0,368052630.0,37.812592,-122.460482,8.357406,0.873878,-0.486146,60.0,42.0,10.0,0.319304,278.31388888888887,3.833055555555556,10.0
1634924580.0,367145450.0,37.819995,-122.442022,6.442976,0.917704,-0.397264,60.0,16.0,9.0,0.452822,1634924580.0,368052630.0,37.812574,-122.460439,8.363909,0.873856,-0.486185,60.0,42.0,10.0,0.31656,278.3333333333333,3.8333333333333335,10.0
1634924581.0,367145450.0,37.819983,-122.441988,6.441479,0.917987,-0.396611,60.0,16.0,9.0,0.448675,1634924581.0,368052630.0,37.812555,-122.460397,8.37081,0.873803,-0.486281,60.0,42.0,10.0,0.313815,278.35277777777776,3.833611111111111,10.0
1634924582.0,367145450.0,37.819971,-122.441953,6.439977,0.91827,-0.395955,60.0,16.0,9.0,0.444528,1634924582.0,368052630.0,37.812536,-122.460354,8.378111,0.873719,-0.486432,60.0,42.0,10.0,0.311067,278.3722222222222,3.8338888888888887,10.0
1634924583.0,367145450.0,37.819959,-122.441918,6.438472,0.918554,-0.395296,60.0,16.0,9.0,0.440381,1634924583.0,368052630.0,37.812517,-122.460311,8.385812,0.873604,-0.486638,60.0,42.0,10.0,0.308317,278.39166666666665,3.8341666666666665,10.0
1634924584.0,367145450.0,37.819948,-122.441884,6.436961,0.918838,-0.394635,60.0,16.0,9.0,0.436235,1634924584.0,368052630.0,37.812498,-122.460268,8.393912,0.873458,-0.4869,60.0,42.0,10.0,0.305565,278.4111111111111,3.834444444444444,10.0
1634924585.0,367145450.0,37.819936,-122.441849,6.435447,0.919122,-0.393972,60.0,16.0,9.0,0.432089,1634924585.0,368052630.0,37.812479,-122.460225,8.402413,0.873281,-0.487216,60.0,42.0,10.0,0.302811,278.43055555555554,3.834722222222222,10.0
1634924586.0,367145450.0,37.819924,-122.441815,6.433929,0.919407,-0.393307,60.0,16.0,9.0,0.427944,1634924586.0,368052630.0,37.81246,-122.460182,8.411314,0.873074,-0.487587,60.0,42.0,10.0,0.300054,278.45,3.835,10.0
1634924587.0,367145450.0,37.819912,-122.44178,6.432406,0.919693,-0.392639,60.0,16.0,9.0,0.423799,1634924587.0,368052630.0,37.812441,-122.460139,8.420617,0.872836,-0.488013,60.0,42.0,10.0,0.297295,278.46944444444443,3.835277777777778,10.0
1634924588.0,367145450.0,37.819901,-122.441745,6.430879,0.919978,-0.391969,60.0,16.0,9.0,0.419655,1634924588.0,368052630.0,37.812422,-122.460096,8.430323,0.872568,-0.488493,60.0,42.0,10.0,0.294533,278.4888888888889,3.835555555555556,10.0
1634924589.0,367145450.0,37.819889,-122.441711,6.429348,0.920264,-0.391297,60.0,16.0,9.0,0.415511,1634924589.0,368052630.0,37.812403,-122.460053,8.440431,0.872269,-0.489027,60.0,42.0,10.0,0.291769,278.5083333333333,3.835833333333333,10.0
1634924590.0,367145450.0,37.819877,-122.441676,6.427813,0.920551,-0.390622,60.0,16.0,9.0,0.411368,1634924590.0,368052630.0,37.812384,-122.46001,8.450944,0.871939,-0.489614,60.0,42.0,10.0,0.289002,278.52777777777777,3.8361111111111112,10.0
1634924591.0,367145450.0,37.819866,-122.441641,6.426273,0.920838,-0.389945,60.0,16.0,9.0,0.407226,1634924591.0,368052630.0,37.812365,-122.459967,8.461862,0.87158,-0.490254,60.0,42.0,10.0,0.286232,278.5472222222222,3.836388888888889,10.0
1634924592.0,367145450.0,37.819854,-122.441607,6.42473,0.921125,-0.389266,60.0,16.0,9.0,0.403084,1634924592.0,368052630.0,37.812346,-122.459923,8.473186,0.871189,-0.490947,60.0,42.0,10.0,0.28346,278.56666666666666,3.836666666666667,10.0
1634924593.0,367145450.0,37.819843,-122.441572,6.423182,0.921413,-0.388584,60.0,16.0,9.0,0.398942,1634924593.0,368052630.0,37.812327,-122.45988,8.484919,0.870769,-0.491693,60.0,42.0,10.0,0.280684,278.5861111111111,3.8369444444444447,10.0
1634924594.0,367145450.0,37.819831,-122.441537,6.421631,0.921701,-0.3879,60.0,16.0,9.0,0.394801,1634924594.0,368052630.0,37.812307,-122.459837,8.49706,0.870318,-0.492491,60.0,42.0,10.0,0.277906,278.60555555555555,3.837222222222222,10.0
1634924595.0,367145450.0,37.819819,-122.441503,6.420076,0.92199,-0.387214,60.0,16.0,9.0,0.39066,1634924595.0,368052630.0,37.812288,-122.459794,8.509611,0.869837,-0.49334,60.0,42.0,10.0,0.275124,278.625,3.8375,10.0
1634924596.0,367145450.0,37.819808,-122.441468,6.418516,0.922279,-0.386525,60.0,16.0,9.0,0.38652,1634924596.0,368052630.0,37.812269,-122.45975,8.522574,0.869325,-0.49424,60.0,42.0,10.0,0.27234,278.64444444444445,3.8377777777777777,10.0
1634924597.0,367145450.0,37.819796,-122.441433,6.416953,0.922568,-0.385833,60.0,16.0,9.0,0.382381,1634924597.0,368052630.0,37.812249,-122.459707,8.535951,0.868784,-0.495192,60.0,42.0,10.0,0.269552,278.6638888888889,3.838055555555556,10.0
1634924598.0,367145450.0,37.819785,-122.441399,6.415386,0.922858,-0.38514,60.0,16.0,9.0,0.378242,1634924598.0,368052630.0,37.81223,-122.459663,8.549744,0.868212,-0.496193,60.0,42.0,10.0,0.266761,278.68333333333334,3.838333333333333,10.0
1634924599.0,367145450.0,37.819774,-122.441364,6.413815,0.923148,-0.384444,60.0,16.0,9.0,0.374103,1634924599.0,368052630.0,37.81221,-122.45962,8.563809,0.867627,-0.497216,60.0,42.0,10.0,0.263966,278.7027777777778,3.838611111111111,10.0
1634924600.0,367145450.0,37.819762,-122.441329,6.41224,0.923439,-0.383746,60.0,16.0,9.0,0.369966,1634924600.0,368052630.0,37.81219,-122.459576,8.577573,0.867093,-0.498147,60.0,42.0,10.0,0.261169,278.72222222222223,3.838888888888889,10.0
1634924601.0,367145450.0,37.819751,-122.441295,6.410662,0.92373,-0.383045,60.0,16.0,9.0,0.365828,1634924601.0,368052630.0,37.812171,-122.459533,8.590887,0.866626,-0.498958,60.0,42.0,10.0,0.258367,278.7416666666667,3.8391666666666655,10.0
1634924602.0,367145450.0,37.819739,-122.44126,6.409079,0.924021,-0.382342,60.0,16.0,9.0,0.361691,1634924602.0,368052630.0,37.812151,-122.459489,8.60375,0.866227,-0.499651,60.0,42.0,10.0,0.255563,278.7611111111111,3.839444444444444,10.0
1634924603.0,367145450.0,37.819728,-122.441225,6.407493,0.924313,-0.381636,60.0,16.0,9.0,0.357555,1634924603.0,368052630.0,37.812131,-122.459446,8.616157,0.865895,-0.500225,60.0,42.0,10.0,0.252755,278.7805555555556,3.839722222222222,10.0
1634924604.0,367145450.0,37.819717,-122.441191,6.405904,0.924605,-0.380928,60.0,16.0,9.0,0.353419,1634924604.0,368052630.0,37.812111,-122.459402,8.628107,0.865631,-0.500683,60.0,42.0,10.0,0.249945,278.8,3.84,10.0
1634924605.0,367145450.0,37.819706,-122.441156,6.40431,0.924897,-0.380218,60.0,16.0,9.0,0.349284,1634924605.0,368052630.0,37.812091,-122.459358,8.639597,0.865433,-0.501024,60.0,42.0,10.0,0.247131,278.81944444444446,3.8402777777777777,10.0
1634924606.0,367145450.0,37.819694,-122.441121,6.402713,0.92519,-0.379505,60.0,16.0,9.0,0.34515,1634924606.0,368052630.0,37.812071,-122.459314,8.650627,0.865303,-0.501249,60.0,42.0,10.0,0.244314,278.8388888888889,3.840555555555556,10.0
1634924607.0,367145450.0,37.819683,-122.441087,6.401113,0.925483,-0.37879,60.0,16.0,9.0,0.341016,1634924607.0,368052630.0,37.812051,-122.459271,8.661196,0.865239,-0.501359,60.0,42.0,10.0,0.241494,278.8583333333333,3.840833333333333,10.0
1634924608.0,367145450.0,37.819672,-122.441052,6.399509,0.925776,-0.378072,60.0,16.0,9.0,0.336882,1634924608.0,368052630.0,37.812031,-122.459227,8.671303,0.865242,-0.501355,60.0,42.0,10.0,0.238672,278.8777777777778,3.841111111111111,10.0
1634924609.0,367145450.0,37.819661,-122.441017,6.397901,0.92607,-0.377352,60.0,16.0,9.0,0.332749,1634924609.0,368052630.0,37.812011,-122.459183,8.680947,0.865311,-0.501235,60.0,42.0,10.0,0.235847,278.89722222222224,3.841388888888889,10.0
1634924610.0,367145450.0,37.819649,-122.440982,6.39629,0.926364,-0.37663,60.0,16.0,9.0,0.328617,1634924610.0,368052630.0,37.81199,-122.459139,8.690131,0.865446,-0.501002,60.0,42.0,10.0,0.233019,278.9166666666667,3.841666666666667,10.0
1634924611.0,367145450.0,37.819638,-122.440948,6.394675,0.926658,-0.375905,60.0,16.0,9.0,0.324485,1634924611.0,368052630.0,37.81197,-122.459095,8.698853,0.865647,-0.500654,60.0,42.0,10.0,0.230188,278.9361111111112,3.8419444444444446,10.0
1634924612.0,367145450.0,37.819627,-122.440913,6.393057,0.926953,-0.375178,60.0,16.0,9.0,0.320354,1634924612.0,368052630.0,37.81195,-122.459051,8.707117,0.865914,-0.500193,60.0,42.0,10.0,0.227354,278.9555555555556,3.8422222222222224,10.0
1634924613.0,367145450.0,37.819616,-122.440878,6.391436,0.927248,-0.374448,60.0,16.0,9.0,0.316223,1634924613.0,368052630.0,37.81193,-122.459007,8.714924,0.866245,-0.499619,60.0,42.0,10.0,0.224518,278.975,3.8425,10.0
1634924614.0,367145450.0,37.819605,-122.440844,6.389811,0.927543,-0.373716,60.0,16.0,9.0,0.312093,1634924614.0,368052630.0,37.81191,-122.458962,8.722275,0.866642,-0.498931,60.0,42.0,10.0,0.22168,278.99444444444447,3.8427777777777776,10.0
1634924615.0,367145450.0,37.819594,-122.440809,6.388183,0.927839,-0.372981,60.0,16.0,9.0,0.307963,1634924615.0,368052630.0,37.81189,-122.458918,8.729174,0.867102,-0.49813,60.0,42.0,10.0,0.218839,279.0138888888889,3.843055555555555,10.0
1634924616.0,367145450.0,37.819583,-122.440774,6.386551,0.928135,-0.372244,60.0,16.0,9.0,0.303834,1634924616.0,368052630.0,37.81187,-122.458874,8.735624,0.867627,-0.497215,60.0,42.0,10.0,0.215996,279.0333333333333,3.843333333333333,10.0
1634924617.0,367145450.0,37.819572,-122.440739,6.384917,0.928431,-0.371504,60.0,16.0,9.0,0.299706,1634924617.0,368052630.0,37.81185,-122.458829,8.741629,0.868216,-0.496187,60.0,42.0,10.0,0.21315,279.0527777777778,3.843611111111111,10.0
1634924618.0,367145450.0,37.819561,-122.440705,6.383279,0.928728,-0.370762,60.0,16.0,9.0,0.295578,1634924618.0,368052630.0,37.811829,-122.458785,8.747192,0.868867,-0.495045,60.0,42.0,10.0,0.210302,279.0722222222222,3.843888888888889,10.0
1634924619.0,367145450.0,37.81955,-122.44067,6.381637,0.929025,-0.370017,60.0,16.0,9.0,0.291451,1634924619.0,368052630.0,37.811809,-122.45874,8.752318,0.869582,-0.493789,60.0,42.0,10.0,0.207452,279.0916666666667,3.8441666666666654,10.0
1634924620.0,367145450.0,37.819539,-122.440635,6.379993,0.929322,-0.36927,60.0,16.0,9.0,0.287324,1634924620.0,368052630.0,37.811789,-122.458696,8.757012,0.870358,-0.492419,60.0,42.0,10.0,0.2046,279.1111111111111,3.844444444444445,10.0
1634924621.0,367145450.0,37.819528,-122.440601,6.378346,0.92962,-0.368521,60.0,16.0,9.0,0.283198,1634924621.0,368052630.0,37.811769,-122.458651,8.76128,0.871196,-0.490935,60.0,42.0,10.0,0.201745,279.1305555555556,3.8447222222222224,10.0
1634924622.0,367145450.0,37.819517,-122.440566,6.376695,0.929917,-0.367768,60.0,16.0,9.0,0.279072,1634924622.0,368052630.0,37.81175,-122.458606,8.765127,0.872096,-0.489335,60.0,42.0,10.0,0.198889,279.15,3.845,10.0
1634924623.0,367145450.0,37.819506,-122.440531,6.375042,0.930215,-0.367014,60.0,16.0,9.0,0.274947,1634924623.0,368052630.0,37.81173,-122.458562,8.768559,0.873056,-0.487621,60.0,42.0,10.0,0.19603,279.1694444444444,3.8452777777777776,10.0
1634924624.0,367145450.0,37.819496,-122.440496,6.373385,0.930514,-0.366257,60.0,16.0,9.0,0.270823,1634924624.0,368052630.0,37.81171,-122.458517,8.771584,0.874075,-0.48579,60.0,42.0,10.0,0.19317,279.18888888888887,3.8455555555555554,10.0
1634924625.0,367145450.0,37.819485,-122.440462,6.371726,0.930812,-0.365497,60.0,16.0,9.0,0.266699,1634924625.0,368052630.0,37.81169,-122.458472,8.774209,0.875154,-0.483844,60.0,42.0,10.0,0.190307,279.2083333333333,3.845833333333333,10.0
1634924626.0,367145450.0,37.819474,-122.440427,6.370063,0.931111,-0.364735,60.0,16.0,9.0,0.262576,1634924626.0,368052630.0,37.811671,-122.458427,8.776441,0.876292,-0.48178,60.0,42.0,10.0,0.187443,279.22777777777776,3.846111111111111,10.0
1634924627.0,367145450.0,37.819463,-122.440392,6.368398,0.931411,-0.36397,60.0,16.0,9.0,0.258453,1634924627.0,368052630.0,37.811651,-122.458382,8.778288,0.877488,-0.479599,60.0,42.0,10.0,0.184576,279.2472222222222,3.846388888888889,10.0
1634924628.0,367145450.0,37.819453,-122.440357,6.366729,0.93171,-0.363203,60.0,16.0,9.0,0.254331,1634924628.0,368052630.0,37.811632,-122.458337,8.779759,0.878741,-0.4773,60.0,42.0,10.0,0.181708,279.26666666666665,3.846666666666666,10.0
1634924629.0,367145450.0,37.819442,-122.440323,6.365058,0.93201,-0.362433,60.0,16.0,9.0,0.25021,1634924629.0,368052630.0,37.811612,-122.458292,8.780864,0.88005,-0.474882,60.0,42.0,10.0,0.178838,279.2861111111111,3.846944444444445,10.0
1634924630.0,367145450.0,37.819431,-122.440288,6.363384,0.93231,-0.361661,60.0,16.0,9.0,0.246089,1634924630.0,368052630.0,37.811593,-122.458246,8.781611,0.881414,-0.472344,60.0,42.0,10.0,0.175966,279.30555555555554,3.8472222222222223,10.0
1634924631.0,367145450.0,37.819421,-122.440253,6.361707,0.93261,-0.360886,60.0,16.0,9.0,0.241969,1634924631.0,368052630.0,37.811574,-122.458201,8.782011,0.882834,-0.469685,60.0,42.0,10.0,0.173093,279.325,3.8475,10.0
1634924632.0,367145450.0,37.81941,-122.440218,6.360028,0.93291,-0.360109,60.0,16.0,9.0,0.237849,1634924632.0,368052630.0,37.811555,-122.458156,8.782075,0.884307,-0.466905,60.0,42.0,10.0,0.170217,279.34444444444443,3.847777777777778,10.0
1634924633.0,367145450.0,37.819399,-122.440184,6.358346,0.933211,-0.359329,60.0,16.0,9.0,0.23373,1634924633.0,368052630.0,37.811536,-122.45811,8.781812,0.885833,-0.464003,60.0,42.0,10.0,0.16734,279.3638888888889,3.848055555555556,10.0
1634924634.0,367145450.0,37.819389,-122.440149,6.356661,0.933512,-0.358547,60.0,16.0,9.0,0.229612,1634924634.0,368052630.0,37.811517,-122.458065,8.781235,0.887412,-0.460978,60.0,42.0,10.0,0.164461,279.3833333333333,3.8483333333333336,10.0
1634924635.0,367145450.0,37.819378,-122.440114,6.354973,0.933813,-0.357762,60.0,16.0,9.0,0.225494,1634924635.0,368052630.0,37.811498,-122.458019,8.780356,0.889041,-0.457829,60.0,42.0,10.0,0.161581,279.40277777777777,3.848611111111111,10.0
1634924636.0,367145450.0,37.819368,-122.440079,6.353283,0.934114,-0.356974,60.0,16.0,9.0,0.221377,1634924636.0,368052630.0,37.811479,-122.457973,8.779188,0.890719,-0.454554,60.0,42.0,10.0,0.158699,279.4222222222222,3.848888888888889,10.0
1634924637.0,367145450.0,37.819357,-122.440045,6.35159,0.934416,-0.356184,60.0,16.0,9.0,0.21726,1634924637.0,368052630.0,37.811461,-122.457928,8.777742,0.892447,-0.451153,60.0,42.0,10.0,0.155815,279.44166666666666,3.849166666666666,10.0
1634924638.0,367145450.0,37.819347,-122.44001,6.349895,0.934718,-0.355391,60.0,16.0,9.0,0.213144,1634924638.0,368052630.0,37.811443,-122.457882,8.776033,0.894221,-0.447625,60.0,42.0,10.0,0.152929,279.4611111111111,3.849444444444445,10.0
1634924639.0,367145450.0,37.819336,-122.439975,6.348198,0.93502,-0.354596,60.0,16.0,9.0,0.209029,1634924639.0,368052630.0,37.811425,-122.457836,8.774074,0.896043,-0.443968,60.0,42.0,10.0,0.150042,279.48055555555555,3.8497222222222223,10.0
1634924640.0,367145450.0,37.819326,-122.43994,6.346497,0.935322,-0.353798,60.0,16.0,9.0,0.204914,1634924640.0,368052630.0,37.811406,-122.45779,8.771881,0.897909,-0.440182,60.0,42.0,10.0,0.147153,279.5,3.85,10.0
1634924641.0,367145450.0,37.819316,-122.439906,6.344795,0.935624,-0.352998,60.0,16.0,9.0,0.2008,1634924641.0,368052630.0,37.811389,-122.457744,8.769468,0.899818,-0.436265,60.0,42.0,10.0,0.144263,279.51944444444445,3.850277777777778,10.0
1634924642.0,367145450.0,37.819305,-122.439871,6.34309,0.935927,-0.352195,60.0,16.0,9.0,0.196687,1634924642.0,368052630.0,37.811371,-122.457697,8.76685,0.90177,-0.432217,60.0,42.0,10.0,0.141371,279.5388888888889,3.8505555555555553,10.0
1634924643.0,367145450.0,37.819295,-122.439836,6.341383,0.93623,-0.351389,60.0,16.0,9.0,0.192574,1634924643.0,368052630.0,37.811353,-122.457651,8.764045,0.903762,-0.428035,60.0,42.0,10.0,0.138477,279.55833333333334,3.850833333333333,10.0
1634924644.0,367145450.0,37.819284,-122.439801,6.339673,0.936532,-0.350581,60.0,16.0,9.0,0.188461,1634924644.0,368052630.0,37.811336,-122.457605,8.761067,0.905794,-0.423719,60.0,42.0,10.0,0.135582,279.5777777777778,3.851111111111111,10.0
1634924645.0,367145450.0,37.819274,-122.439767,6.337961,0.936836,-0.34977,60.0,16.0,9.0,0.18435,1634924645.0,368052630.0,37.811319,-122.457558,8.757935,0.907863,-0.419268,60.0,42.0,10.0,0.132685,279.59722222222223,3.8513888888888888,10.0
1634924646.0,367145450.0,37.819264,-122.439732,6.336247,0.937139,-0.348956,60.0,16.0,9.0,0.180239,1634924646.0,368052630.0,37.811302,-122.457512,8.754666,0.909968,-0.414679,60.0,42.0,10.0,0.129786,279.6166666666667,3.8516666666666666,10.0
1634924647.0,367145450.0,37.819254,-122.439697,6.334531,0.937442,-0.34814,60.0,16.0,9.0,0.176128,1634924647.0,368052630.0,37.811285,-122.457465,8.751279,0.912106,-0.409954,60.0,42.0,10.0,0.126886,279.6361111111111,3.851944444444445,10.0
1634924648.0,367145450.0,37.819244,-122.439662,6.332812,0.937746,-0.347322,60.0,16.0,9.0,0.172019,1634924648.0,368052630.0,37.811268,-122.457418,8.747792,0.914277,-0.405089,60.0,42.0,10.0,0.123984,279.6555555555556,3.852222222222222,10.0
1634924649.0,367145450.0,37.819233,-122.439627,6.331092,0.93805,-0.3465,60.0,16.0,9.0,0.16791,1634924649.0,368052630.0,37.811252,-122.457371,8.744224,0.916479,-0.400083,60.0,42.0,10.0,0.12108,279.675,3.8525,10.0
1634924650.0,367145450.0,37.819223,-122.439593,6.329369,0.938354,-0.345676,60.0,16.0,9.0,0.163801,1634924650.0,368052630.0,37.811236,-122.457324,8.740596,0.918709,-0.394936,60.0,42.0,10.0,0.118174,279.69444444444446,3.852777777777778,10.0
1634924651.0,367145450.0,37.819213,-122.439558,6.327644,0.938658,-0.34485,60.0,16.0,9.0,0.159693,1634924651.0,368052630.0,37.81122,-122.457277,8.736928,0.920964,-0.389647,60.0,42.0,10.0,0.115267,279.7138888888889,3.853055555555556,10.0
1634924652.0,367145450.0,37.819203,-122.439523,6.325918,0.938962,-0.34402,60.0,16.0,9.0,0.155586,1634924652.0,368052630.0,37.811204,-122.45723,8.73324,0.923244,-0.384213,60.0,42.0,10.0,0.112357,279.7333333333333,3.8533333333333335,10.0
1634924653.0,367145450.0,37.819193,-122.439488,6.324189,0.939267,-0.343188,60.0,16.0,9.0,0.151479,1634924653.0,368052630.0,37.811189,-122.457183,8.729555,0.925546,-0.378635,60.0,42.0,10.0,0.109446,279.7527777777778,3.8536111111111113,10.0
1634924654.0,367145450.0,37.819183,-122.439453,6.322458,0.939571,-0.342354,60.0,16.0,9.0,0.147374,1634924654.0,368052630.0,37.811173,-122.457136,8.725894,0.927868,-0.37291,60.0,42.0,10.0,0.106533,279.77222222222224,3.853888888888889,10.0
1634924655.0,367145450.0,37.819173,-122.439419,6.320726,0.939876,-0.341516,60.0,16.0,9.0,0.143268,1634924655.0,368052630.0,37.811158,-122.457088,8.72228,0.930206,-0.367038,60.0,42.0,10.0,0.103618,279.7916666666667,3.8541666666666665,10.0
1634924656.0,367145450.0,37.819163,-122.439384,6.318992,0.940181,-0.340677,60.0,16.0,9.0,0.139164,1634924656.0,368052630.0,37.811143,-122.457041,8.718737,0.932559,-0.361017,60.0,42.0,10.0,0.100701,279.8111111111112,3.854444444444444,10.0
1634924657.0,367145450.0,37.819153,-122.439349,6.317256,0.940485,-0.339834,60.0,16.0,9.0,0.13506,1634924657.0,368052630.0,37.811129,-122.456993,8.715289,0.934924,-0.354848,60.0,42.0,10.0,0.097782,279.8305555555556,3.854722222222222,10.0
1634924658.0,367145450.0,37.819143,-122.439314,6.315518,0.94079,-0.338989,60.0,16.0,9.0,0.130956,1634924658.0,368052630.0,37.811115,-122.456946,8.711958,0.937299,-0.348528,60.0,42.0,10.0,0.094861,279.85,3.855,10.0
1634924659.0,367145450.0,37.819133,-122.43928,6.313778,0.941096,-0.338141,60.0,16.0,9.0,0.126854,1634924659.0,368052630.0,37.811101,-122.456898,8.708772,0.939679,-0.342056,60.0,42.0,10.0,0.091937,279.86944444444447,3.855277777777778,10.0
1634924660.0,367145450.0,37.819123,-122.439245,6.312037,0.941401,-0.33729,60.0,16.0,9.0,0.122752,1634924660.0,368052630.0,37.811087,-122.45685,8.705754,0.942064,-0.335433,60.0,42.0,10.0,0.089011,279.8888888888889,3.855555555555556,10.0
1634924661.0,367145450.0,37.819113,-122.43921,6.310294,0.941706,-0.336437,60.0,16.0,9.0,0.11865,1634924661.0,368052630.0,37.811073,-122.456802,8.702932,0.944449,-0.328657,60.0,42.0,10.0,0.086083,279.9083333333333,3.855833333333333,10.0
1634924662.0,367145450.0,37.819104,-122.439175,6.308549,0.942011,-0.335581,60.0,16.0,9.0,0.114549,1634924662.0,368052630.0,37.81106,-122.456754,8.700332,0.946832,-0.321728,60.0,42.0,10.0,0.083153,279.9277777777778,3.8561111111111113,10.0
1634924663.0,367145450.0,37.819094,-122.43914,6.306803,0.942317,-0.334722,60.0,16.0,9.0,0.110449,1634924663.0,368052630.0,37.811047,-122.456705,8.69798,0.94921,-0.314645,60.0,42.0,10.0,0.08022,279.9472222222222,3.8563888888888886,10.0
1634924664.0,367145450.0,37.819084,-122.439106,6.305055,0.942623,-0.33386,60.0,16.0,9.0,0.10635,1634924664.0,368052630.0,37.811034,-122.456657,8.695905,0.951578,-0.307407,60.0,42.0,10.0,0.077285,279.9666666666667,3.8566666666666665,10.0
1634924665.0,367145450.0,37.819074,-122.439071,6.303306,0.942928,-0.332996,60.0,16.0,9.0,0.102251,1634924665.0,368052630.0,37.811022,-122.456609,8.694135,0.953935,-0.300014,60.0,42.0,10.0,0.074347,279.9861111111111,3.856944444444444,10.0
1634924666.0,367145450.0,37.819065,-122.439036,6.301555,0.943234,-0.332129,60.0,16.0,9.0,0.098153,1634924666.0,368052630.0,37.81101,-122.45656,8.692717,0.956264,-0.292505,60.0,42.0,10.0,0.071406,280.0055555555556,3.857222222222222,10.0
1634924667.0,367145450.0,37.819055,-122.439001,6.299803,0.94354,-0.33126,60.0,16.0,9.0,0.094056,1634924667.0,368052630.0,37.810998,-122.456511,8.691736,0.958516,-0.285039,60.0,42.0,10.0,0.068463,280.025,3.8575,10.0
1634924668.0,367145450.0,37.819045,-122.438966,6.29805,0.943845,-0.330387,60.0,16.0,9.0,0.089959,1634924668.0,368052630.0,37.810987,-122.456463,8.691192,0.960681,-0.277655,60.0,42.0,10.0,0.065516,280.0444444444444,3.8577777777777778,10.0
1634924669.0,367145450.0,37.819036,-122.438931,6.296295,0.944151,-0.329512,60.0,16.0,9.0,0.085863,1634924669.0,368052630.0,37.810976,-122.456414,8.691064,0.96276,-0.270357,60.0,42.0,10.0,0.062567,280.06388888888887,3.858055555555556,10.0
1634924670.0,367145450.0,37.819026,-122.438897,6.294539,0.944457,-0.328635,60.0,16.0,9.0,0.081767,1634924670.0,368052630.0,37.810965,-122.456365,8.691332,0.964756,-0.263145,60.0,42.0,10.0,0.059615,280.0833333333333,3.858333333333333,10.0
1634924671.0,367145450.0,37.819016,-122.438862,6.292782,0.944763,-0.327754,60.0,16.0,9.0,0.077672,1634924671.0,368052630.0,37.810954,-122.456316,8.691973,0.966671,-0.256022,60.0,42.0,10.0,0.05666,280.10277777777776,3.858611111111111,10.0
1634924672.0,367145450.0,37.819007,-122.438827,6.291023,0.945069,-0.326871,60.0,16.0,9.0,0.073578,1634924672.0,368052630.0,37.810944,-122.456266,8.692969,0.968506,-0.248988,60.0,42.0,10.0,0.053703,280.1222222222222,3.858888888888889,10.0
1634924673.0,367145450.0,37.818997,-122.438792,6.289264,0.945375,-0.325985,60.0,16.0,9.0,0.069485,1634924673.0,368052630.0,37.810934,-122.456217,8.694299,0.970265,-0.242046,60.0,42.0,10.0,0.050742,280.14166666666665,3.859166666666667,10.0
1634924674.0,367145450.0,37.818988,-122.438757,6.287503,0.945681,-0.325096,60.0,16.0,9.0,0.065392,1634924674.0,368052630.0,37.810924,-122.456168,8.695943,0.971948,-0.235196,60.0,42.0,10.0,0.047779,280.1611111111111,3.8594444444444447,10.0
1634924675.0,367145450.0,37.818978,-122.438723,6.285741,0.945987,-0.324204,60.0,16.0,9.0,0.0613,1634924675.0,368052630.0,37.810915,-122.456118,8.69788,0.973558,-0.228439,60.0,42.0,10.0,0.044813,280.18055555555554,3.859722222222224,10.0
1634924676.0,367145450.0,37.818969,-122.438688,6.283978,0.946293,-0.32331,60.0,16.0,9.0,0.057208,1634924676.0,368052630.0,37.810905,-122.456069,8.700093,0.975097,-0.221778,60.0,42.0,10.0,0.041844,280.2,3.86,10.0
1634924677.0,367145450.0,37.81896,-122.438653,6.282214,0.946599,-0.322413,60.0,16.0,9.0,0.053118,1634924677.0,368052630.0,37.810897,-122.456019,8.702562,0.976567,-0.215212,60.0,42.0,10.0,0.038872,280.21944444444443,3.8602777777777777,10.0
1634924678.0,367145450.0,37.81895,-122.438618,6.28045,0.946905,-0.321513,60.0,16.0,9.0,0.049028,1634924678.0,368052630.0,37.810888,-122.455969,8.705267,0.977971,-0.208743,60.0,42.0,10.0,0.035898,280.2388888888889,3.860555555555556,10.0
1634924679.0,367145450.0,37.818941,-122.438583,6.278684,0.947211,-0.32061,60.0,16.0,9.0,0.044938,1634924679.0,368052630.0,37.810879,-122.455919,8.708192,0.979309,-0.202372,60.0,42.0,10.0,0.032921,280.2583333333333,3.860833333333333,10.0
1634924680.0,367145450.0,37.818932,-122.438548,6.276917,0.947517,-0.319705,60.0,16.0,9.0,0.04085,1634924680.0,368052630.0,37.810871,-122.455869,8.711316,0.980584,-0.196099,60.0,42.0,10.0,0.029941,280.27777777777777,3.861111111111111,10.0
1634924681.0,367145450.0,37.818922,-122.438514,6.27515,0.947823,-0.318797,60.0,16.0,9.0,0.036761,1634924681.0,368052630.0,37.810863,-122.455819,8.714624,0.981799,-0.189925,60.0,42.0,10.0,0.026958,280.2972222222222,3.861388888888889,10.0
1634924682.0,367145450.0,37.818913,-122.438479,6.273381,0.948129,-0.317886,60.0,16.0,9.0,0.032674,1634924682.0,368052630.0,37.810856,-122.455769,8.718096,0.982954,-0.183851,60.0,42.0,10.0,0.023973,280.31666666666666,3.861666666666667,10.0
1634924683.0,367145450.0,37.818904,-122.438444,6.271612,0.948435,-0.316972,60.0,16.0,9.0,0.028587,1634924683.0,368052630.0,37.810848,-122.455719,8.721716,0.984053,-0.177877,60.0,42.0,10.0,0.020985,280.3361111111111,3.861944444444444,10.0
1634924684.0,367145450.0,37.818895,-122.438409,6.269843,0.948741,-0.316055,60.0,16.0,9.0,0.024501,1634924684.0,368052630.0,37.810841,-122.455669,8.725466,0.985096,-0.172004,60.0,42.0,10.0,0.017995,280.35555555555555,3.862222222222222,10.0
1634924685.0,367145450.0,37.818885,-122.438374,6.268072,0.949047,-0.315136,60.0,16.0,9.0,0.020416,1634924685.0,368052630.0,37.810834,-122.455618,8.729331,0.986087,-0.166232,60.0,42.0,10.0,0.015002,280.375,3.8625,10.0
1634924686.0,367145450.0,37.818876,-122.438339,6.266301,0.949352,-0.314214,60.0,16.0,9.0,0.016332,1634924686.0,368052630.0,37.810827,-122.455568,8.733294,0.987026,-0.160562,60.0,42.0,10.0,0.012006,280.39444444444445,3.8627777777777776,10.0
1634924687.0,367145450.0,37.818867,-122.438305,6.26453,0.949658,-0.313288,60.0,16.0,9.0,0.012248,1634924687.0,368052630.0,37.810821,-122.455518,8.737339,0.987915,-0.154994,60.0,42.0,10.0,0.009008,280.4138888888889,3.863055555555556,10.0
1634924688.0,367145450.0,37.818858,-122.43827,6.262758,0.949964,-0.312361,60.0,16.0,9.0,0.008164,1634924688.0,368052630.0,37.810815,-122.455467,8.74145,0.988757,-0.149529,60.0,42.0,10.0,0.006008,280.43333333333334,3.863333333333333,10.0
1634924689.0,367145450.0,37.818849,-122.438235,6.260985,0.950269,-0.31143,60.0,16.0,9.0,0.004082,1634924689.0,368052630.0,37.810809,-122.455416,8.745612,0.989554,-0.144166,60.0,42.0,10.0,0.003005,280.4527777777778,3.863611111111111,10.0
1634924690.0,367145450.0,37.81884,-122.4382,6.260985,0.950269,-0.31143,60.0,16.0,9.0,0.0,1634924690.0,368052630.0,37.810803,-122.455366,8.745612,0.989554,-0.144166,60.0,42.0,10.0,0.0,280.47222222222223,3.863888888888889,10.0
